5.24629 0.143276 0.143276 2 1 0
2.5 0.143276 0.143276 2 1 0
2.50382 0.144473 0.144473 1 1 0
2.50763 0.145688 0.145688 1 1 0
2.51523 0.148178 0.148178 1 1 0
2.52469 0.151407 0.151407 1 1 0
2.5341 0.154775 0.154775 1 1 0
2.54346 0.158292 0.158292 1 1 0
2.55275 0.16197 0.16197 1 1 0
2.56197 0.165823 0.165823 1 1 0
2.57111 0.169864 0.169864 1 1 0
2.58015 0.174108 0.174108 1 1 0
2.58908 0.178574 0.178574 1 1 0
2.59789 0.183279 0.183279 1 1 0
2.60654 0.188243 0.188243 1 1 0
2.61503 0.193485 0.193485 1 1 0
2.62331 0.199027 0.199027 1 1 0
2.63135 0.204886 0.204886 1 1 0
2.63912 0.211079 0.211079 1 1 0
2.64657 0.217618 0.217618 1 1 0
2.65366 0.224503 0.224503 1 1 0
2.66034 0.231726 0.231726 1 1 0
2.66659 0.239262 0.239262 1 1 0
2.67236 0.24707 0.24707 1 1 0
2.67766 0.255094 0.255094 1 1 0
2.6825 0.263262 0.263262 1 1 0
2.68692 0.271499 0.271499 1 1 0
2.69098 0.279725 0.279725 1 1 0
2.69475 0.287866 0.287866 1 1 0
2.69831 0.295856 0.295856 1 1 0
2.70015 0.300066 0.300066 2 1 0
2.70354 0.307723 0.307723 2 1 0
2.7069 0.315113 0.315113 2 1 0
2.71028 0.322214 0.322214 2 1 0
2.71372 0.329012 0.329012 2 1 0
2.71726 0.335503 0.335503 2 1 0
2.72091 0.341691 0.341691 2 1 0
2.72467 0.347586 0.347586 2 1 0
2.72857 0.353201 0.353201 2 1 0
2.73259 0.358552 0.358552 2 1 0
2.73673 0.363655 0.363655 2 1 0
2.74099 0.368527 0.368527 2 1 0
2.74536 0.373187 0.373187 2 1 0
2.74983 0.377649 0.377649 2 1 0
2.7544 0.381929 0.381929 2 1 0
2.75905 0.386042 0.386042 2 1 0
2.7638 0.39 0.39 2 1 0
2.76862 0.393816 0.393816 2 1 0
2.77351 0.397502 0.397502 2 1 0
2.77847 0.401066 0.401066 2 1 0
2.78349 0.404519 0.404519 2 1 0
2.78856 0.407868 0.407868 2 1 0
2.7937 0.411122 0.411122 2 1 0
2.79888 0.414287 0.414287 2 1 0
2.8041 0.41737 0.41737 2 1 0
2.80937 0.420376 0.420376 2 1 0
2.81468 0.423312 0.423312 2 1 0
2.82002 0.426182 0.426182 2 1 0
2.82541 0.428991 0.428991 2 1 0
2.83082 0.431742 0.431742 2 1 0
2.83626 0.43444 0.43444 2 1 0
2.84173 0.437089 0.437089 2 1 0
2.84723 0.439691 0.439691 2 1 0
2.85275 0.44225 0.44225 2 1 0
2.85829 0.444768 0.444768 2 1 0
2.86386 0.447248 0.447248 2 1 0
2.86944 0.449694 0.449694 2 1 0
2.87505 0.452106 0.452106 2 1 0
2.88067 0.454488 0.454488 2 1 0
2.88631 0.456841 0.456841 2 1 0
2.89196 0.459168 0.459168 2 1 0
2.89763 0.46147 0.46147 2 1 0
2.90331 0.463749 0.463749 2 1 0
2.909 0.466007 0.466007 2 1 0
2.91471 0.468246 0.468246 2 1 0
2.92042 0.470466 0.470466 2 1 0
2.92614 0.472669 0.472669 2 1 0
2.93188 0.474858 0.474858 2 1 0
2.93762 0.477032 0.477032 2 1 0
2.94336 0.479194 0.479194 2 1 0
2.94912 0.481345 0.481345 2 1 0
2.95488 0.483486 0.483486 2 1 0
2.96064 0.485618 0.485618 2 1 0
2.96641 0.487742 0.487742 2 1 0
2.97218 0.48986 0.48986 2 1 0
2.97796 0.491972 0.491972 2 1 0
2.98374 0.494081 0.494081 2 1 0
2.98952 0.496186 0.496186 2 1 0
2.9953 0.498289 0.498289 2 1 0
3.00108 0.500392 0.500392 2 1 0
3.00686 0.502495 0.502495 2 1 0
3.01264 0.504599 0.504599 2 1 0
3.01842 0.506705 0.506705 2 1 0
3.0242 0.508815 0.508815 2 1 0
3.02997 0.510929 0.510929 2 1 0
3.03574 0.513049 0.513049 2 1 0
3.04151 0.515176 0.515176 2 1 0
3.04727 0.517311 0.517311 2 1 0
3.05303 0.519456 0.519456 2 1 0
3.05878 0.521611 0.521611 2 1 0
3.06453 0.523777 0.523777 2 1 0
3.07026 0.525957 0.525957 2 1 0
3.07599 0.52815 0.52815 2 1 0
3.08171 0.53036 0.53036 2 1 0
3.08742 0.532587 0.532587 2 1 0
3.09312 0.534832 0.534832 2 1 0
3.09881 0.537098 0.537098 2 1 0
3.10449 0.539385 0.539385 2 1 0
3.11015 0.541696 0.541696 2 1 0
3.1158 0.544033 0.544033 2 1 0
3.12143 0.546396 0.546396 2 1 0
3.12704 0.548789 0.548789 2 1 0
3.13264 0.551214 0.551214 2 1 0
3.13822 0.553672 0.553672 2 1 0
3.14378 0.556166 0.556166 2 1 0
3.14931 0.5587 0.5587 2 1 0
3.15482 0.561274 0.561274 2 1 0
3.16031 0.563893 0.563893 2 1 0
3.16577 0.566559 0.566559 2 1 0
3.1712 0.569277 0.569277 2 1 0
3.1766 0.572049 0.572049 2 1 0
3.18197 0.57488 0.57488 2 1 0
3.1873 0.577774 0.577774 2 1 0
3.1926 0.580736 0.580736 2 1 0
3.19785 0.58377 0.58377 2 1 0
3.20306 0.586883 0.586883 2 1 0
3.20822 0.590081 0.590081 2 1 0
3.21333 0.593369 0.593369 2 1 0
3.21839 0.596756 0.596756 2 1 0
3.22339 0.600249 0.600249 2 1 0
3.22832 0.603857 0.603857 2 1 0
3.23319 0.60759 0.60759 2 1 0
3.23798 0.611459 0.611459 2 1 0
3.24269 0.615474 0.615474 2 1 0
3.24732 0.619648 0.619648 2 1 0
3.25185 0.623995 0.623995 2 1 0
3.25629 0.628529 0.628529 2 1 0
3.26061 0.633266 0.633266 2 1 0
3.26483 0.638223 0.638223 2 1 0
3.26893 0.643416 0.643416 2 1 0
3.2729 0.648863 0.648863 2 1 0
3.27675 0.654581 0.654581 2 1 0
3.28047 0.660584 0.660584 2 1 0
3.28408 0.666885 0.666885 2 1 0
3.28758 0.673491 0.673491 2 1 0
3.29099 0.680403 0.680403 2 1 0
3.29436 0.687613 0.687613 2 1 0
3.29772 0.695106 0.695106 2 1 0
3.29985 0.699937 0.699937 2 1 0
3.30332 0.707824 0.707824 1 1 0
3.30697 0.715892 0.715892 1 1 0
3.31086 0.724081 0.724081 1 1 0
3.31508 0.732322 0.732322 1 1 0
3.31969 0.740537 0.740537 1 1 0
3.32474 0.748647 0.748647 1 1 0
3.33026 0.756579 0.756579 1 1 0
3.33625 0.764267 0.764267 1 1 0
3.3427 0.771662 0.771662 1 1 0
3.34958 0.778731 0.778731 1 1 0
3.35684 0.785456 0.785456 1 1 0
3.36444 0.791833 0.791833 1 1 0
3.37235 0.79787 0.79787 1 1 0
3.3805 0.80358 0.80358 1 1 0
3.38888 0.80898 0.80898 1 1 0
3.39745 0.814091 0.814091 1 1 0
3.40618 0.818932 0.818932 1 1 0
3.41504 0.823524 0.823524 1 1 0
3.42403 0.827885 0.827885 1 1 0
3.43312 0.832033 0.832033 1 1 0
3.4423 0.835986 0.835986 1 1 0
3.45155 0.839757 0.839757 1 1 0
3.46088 0.84336 0.84336 1 1 0
3.47026 0.846807 0.846807 1 1 0
3.4797 0.850109 0.850109 1 1 0
3.48918 0.853277 0.853277 1 1 0
3.49871 0.85632 0.85632 1 1 0
3.50827 0.859247 0.859247 1 1 0
3.51786 0.862064 0.862064 1 1 0
3.52748 0.86478 0.86478 1 1 0
3.53713 0.867399 0.867399 1 1 0
3.54681 0.869929 0.869929 1 1 0
3.5565 0.872374 0.872374 1 1 0
3.56622 0.874738 0.874738 1 1 0
3.57595 0.877028 0.877028 1 1 0
3.58571 0.879246 0.879246 1 1 0
3.59547 0.881396 0.881396 1 1 0
3.60525 0.883482 0.883482 1 1 0
3.61504 0.885508 0.885508 1 1 0
3.62485 0.887475 0.887475 1 1 0
3.63466 0.889387 0.889387 1 1 0
3.64449 0.891247 0.891247 1 1 0
3.65432 0.893056 0.893056 1 1 0
3.66417 0.894818 0.894818 1 1 0
3.67402 0.896534 0.896534 1 1 0
3.68388 0.898206 0.898206 1 1 0
3.69374 0.899836 0.899836 1 1 0
3.70362 0.901425 0.901425 1 1 0
3.71349 0.902976 0.902976 1 1 0
3.72338 0.90449 0.90449 1 1 0
3.73327 0.905968 0.905968 1 1 0
3.74316 0.907412 0.907412 1 1 0
3.75306 0.908823 0.908823 1 1 0
3.76297 0.910202 0.910202 1 1 0
3.77288 0.91155 0.91155 1 1 0
3.78279 0.912868 0.912868 1 1 0
3.79271 0.914158 0.914158 1 1 0
3.80263 0.915421 0.915421 1 1 0
3.81255 0.916656 0.916656 1 1 0
3.82248 0.917866 0.917866 1 1 0
3.83241 0.919051 0.919051 1 1 0
3.84234 0.920211 0.920211 1 1 0
3.85227 0.921349 0.921349 1 1 0
3.86221 0.922463 0.922463 1 1 0
3.87215 0.923556 0.923556 1 1 0
3.88209 0.924627 0.924627 1 1 0
3.89204 0.925677 0.925677 1 1 0
3.90199 0.926708 0.926708 1 1 0
3.91193 0.927718 0.927718 1 1 0
3.92188 0.92871 0.92871 1 1 0
3.93184 0.929684 0.929684 1 1 0
3.94179 0.930639 0.930639 1 1 0
3.95175 0.931577 0.931577 1 1 0
3.9617 0.932498 0.932498 1 1 0
3.97166 0.933403 0.933403 1 1 0
3.98162 0.934292 0.934292 1 1 0
3.99159 0.935165 0.935165 1 1 0
4.00155 0.936022 0.936022 1 1 0
4.01151 0.936865 0.936865 1 1 0
4.02148 0.937693 0.937693 1 1 0
4.03145 0.938507 0.938507 1 1 0
4.04141 0.939308 0.939308 1 1 0
4.05138 0.940095 0.940095 1 1 0
4.06135 0.940868 0.940868 1 1 0
4.07132 0.941629 0.941629 1 1 0
4.0813 0.942378 0.942378 1 1 0
4.09127 0.943114 0.943114 1 1 0
4.10124 0.943838 0.943838 1 1 0
4.11122 0.944551 0.944551 1 1 0
4.12119 0.945252 0.945252 1 1 0
4.13117 0.945942 0.945942 1 1 0
4.14115 0.946621 0.946621 1 1 0
4.15112 0.947289 0.947289 1 1 0
4.1611 0.947947 0.947947 1 1 0
4.17108 0.948595 0.948595 1 1 0
4.18106 0.949233 0.949233 1 1 0
4.19104 0.949861 0.949861 1 1 0
4.20102 0.95048 0.95048 1 1 0
4.211 0.951089 0.951089 1 1 0
4.22098 0.951688 0.951688 1 1 0
4.23097 0.952279 0.952279 1 1 0
4.24095 0.952861 0.952861 1 1 0
4.25093 0.953435 0.953435 1 1 0
4.26092 0.954 0.954 1 1 0
4.2709 0.954557 0.954557 1 1 0
4.28089 0.955105 0.955105 1 1 0
4.29087 0.955646 0.955646 1 1 0
4.30086 0.956178 0.956178 1 1 0
4.31084 0.956703 0.956703 1 1 0
4.32083 0.957221 0.957221 1 1 0
4.33082 0.957731 0.957731 1 1 0
4.34081 0.958234 0.958234 1 1 0
4.35079 0.95873 0.95873 1 1 0
4.36078 0.959219 0.959219 1 1 0
4.37077 0.959701 0.959701 1 1 0
4.38076 0.960176 0.960176 1 1 0
4.39075 0.960644 0.960644 1 1 0
4.40074 0.961107 0.961107 1 1 0
4.41073 0.961562 0.961562 1 1 0
4.42072 0.962012 0.962012 1 1 0
4.43071 0.962455 0.962455 1 1 0
4.4407 0.962893 0.962893 1 1 0
4.45069 0.963324 0.963324 1 1 0
4.46068 0.963749 0.963749 1 1 0
4.47067 0.964169 0.964169 1 1 0
4.48066 0.964584 0.964584 1 1 0
4.49065 0.964992 0.964992 1 1 0
4.50064 0.965395 0.965395 1 1 0
4.51064 0.965793 0.965793 1 1 0
4.52063 0.966186 0.966186 1 1 0
4.53062 0.966573 0.966573 1 1 0
4.54061 0.966956 0.966956 1 1 0
4.55061 0.967333 0.967333 1 1 0
4.5606 0.967705 0.967705 1 1 0
4.57059 0.968073 0.968073 1 1 0
4.58059 0.968436 0.968436 1 1 0
4.59058 0.968794 0.968794 1 1 0
4.60057 0.969147 0.969147 1 1 0
4.61057 0.969496 0.969496 1 1 0
4.62056 0.969841 0.969841 1 1 0
4.63056 0.970181 0.970181 1 1 0
4.64055 0.970516 0.970516 1 1 0
4.65055 0.970848 0.970848 1 1 0
4.66054 0.971175 0.971175 1 1 0
4.67053 0.971498 0.971498 1 1 0
4.68053 0.971817 0.971817 1 1 0
4.69052 0.972132 0.972132 1 1 0
4.70052 0.972443 0.972443 1 1 0
4.71052 0.972751 0.972751 1 1 0
4.72051 0.973054 0.973054 1 1 0
4.73051 0.973354 0.973354 1 1 0
4.7405 0.97365 0.97365 1 1 0
4.7505 0.973942 0.973942 1 1 0
4.76049 0.974231 0.974231 1 1 0
4.77049 0.974516 0.974516 1 1 0
4.78049 0.974797 0.974797 1 1 0
4.79048 0.975075 0.975075 1 1 0
4.80048 0.97535 0.97535 1 1 0
4.81047 0.975622 0.975622 1 1 0
4.82047 0.97589 0.97589 1 1 0
4.83047 0.976155 0.976155 1 1 0
4.84046 0.976416 0.976416 1 1 0
4.85046 0.976675 0.976675 1 1 0
4.86046 0.97693 0.97693 1 1 0
4.87045 0.977182 0.977182 1 1 0
4.88045 0.977432 0.977432 1 1 0
4.89045 0.977678 0.977678 1 1 0
4.90044 0.977921 0.977921 1 1 0
4.91044 0.978162 0.978162 1 1 0
4.92044 0.978399 0.978399 1 1 0
4.93044 0.978634 0.978634 1 1 0
4.94043 0.978866 0.978866 1 1 0
4.95043 0.979095 0.979095 1 1 0
4.96043 0.979322 0.979322 1 1 0
4.97043 0.979546 0.979546 1 1 0
4.98042 0.979767 0.979767 1 1 0
4.99042 0.979986 0.979986 1 1 0
5.00042 0.980202 0.980202 1 1 0
2.5 0.143276 0.143276 2 1 0
2.49618 0.142099 0.142099 1 1 0
2.49235 0.140939 0.140939 1 1 0
2.48468 0.138671 0.138671 1 1 0
2.47506 0.135929 0.135929 1 1 0
2.46542 0.133285 0.133285 1 1 0
2.45575 0.130732 0.130732 1 1 0
2.44606 0.128265 0.128265 1 1 0
2.43635 0.12588 0.12588 1 1 0
2.42662 0.123571 0.123571 1 1 0
2.41688 0.121335 0.121335 1 1 0
2.40711 0.119167 0.119167 1 1 0
2.39734 0.117064 0.117064 1 1 0
2.38755 0.115023 0.115023 1 1 0
2.37775 0.11304 0.11304 1 1 0
2.36794 0.111114 0.111114 1 1 0
2.35811 0.10924 0.10924 1 1 0
2.34828 0.107418 0.107418 1 1 0
2.33844 0.105644 0.105644 1 1 0
2.32859 0.103916 0.103916 1 1 0
2.31873 0.102233 0.102233 1 1 0
2.30887 0.100592 0.100592 1 1 0
2.299 0.0989915 0.0989915 1 1 0
2.28912 0.0974304 0.0974304 1 1 0
2.27924 0.0959069 0.0959069 1 1 0
2.26935 0.0944195 0.0944195 1 1 0
2.25945 0.0929667 0.0929667 1 1 0
2.24956 0.0915473 0.0915473 1 1 0
2.23965 0.0901602 0.0901602 1 1 0
2.22974 0.088804 0.088804 1 1 0
2.21983 0.0874777 0.0874777 1 1 0
2.20992 0.0861803 0.0861803 1 1 0
2.2 0.0849108 0.0849108 1 1 0
2.19008 0.0836682 0.0836682 1 1 0
2.18015 0.0824517 0.0824517 1 1 0
2.17022 0.0812604 0.0812604 1 1 0
2.16029 0.0800934 0.0800934 1 1 0
2.15036 0.0789501 0.0789501 1 1 0
2.14042 0.0778297 0.0778297 1 1 0
2.13048 0.0767314 0.0767314 1 1 0
2.12054 0.0756546 0.0756546 1 1 0
2.11059 0.0745988 0.0745988 1 1 0
2.10065 0.0735631 0.0735631 1 1 0
2.0907 0.0725472 0.0725472 1 1 0
2.08075 0.0715503 0.0715503 1 1 0
2.0708 0.0705721 0.0705721 1 1 0
2.06084 0.0696119 0.0696119 1 1 0
2.05089 0.0686692 0.0686692 1 1 0
2.04093 0.0677436 0.0677436 1 1 0
2.03097 0.0668347 0.0668347 1 1 0
2.02101 0.065942 0.065942 1 1 0
2.01105 0.065065 0.065065 1 1 0
2.00109 0.0642034 0.0642034 1 1 0
1.99112 0.0633567 0.0633567 1 1 0
1.98116 0.0625246 0.0625246 1 1 0
1.97119 0.0617068 0.0617068 1 1 0
1.96122 0.0609028 0.0609028 1 1 0
1.95126 0.0601124 0.0601124 1 1 0
1.94129 0.0593352 0.0593352 1 1 0
1.93131 0.0585709 0.0585709 1 1 0
1.92134 0.0578192 0.0578192 1 1 0
1.91137 0.0570798 0.0570798 1 1 0
1.9014 0.0563524 0.0563524 1 1 0
1.89142 0.0556368 0.0556368 1 1 0
1.88145 0.0549326 0.0549326 1 1 0
1.87147 0.0542397 0.0542397 1 1 0
1.86149 0.0535577 0.0535577 1 1 0
1.85152 0.0528864 0.0528864 1 1 0
1.84154 0.0522257 0.0522257 1 1 0
1.83156 0.0515752 0.0515752 1 1 0
1.82158 0.0509348 0.0509348 1 1 0
1.8116 0.0503042 0.0503042 1 1 0
1.80162 0.0496832 0.0496832 1 1 0
1.79164 0.0490717 0.0490717 1 1 0
1.78166 0.0484694 0.0484694 1 1 0
1.77167 0.0478761 0.0478761 1 1 0
1.76169 0.0472917 0.0472917 1 1 0
1.75171 0.046716 0.046716 1 1 0
1.74172 0.0461488 0.0461488 1 1 0
1.73174 0.04559 0.04559 1 1 0
1.72175 0.0450393 0.0450393 1 1 0
1.71177 0.0444967 0.0444967 1 1 0
1.70178 0.0439619 0.0439619 1 1 0
1.6918 0.0434348 0.0434348 1 1 0
1.68181 0.0429153 0.0429153 1 1 0
1.67182 0.0424032 0.0424032 1 1 0
1.66184 0.0418984 0.0418984 1 1 0
1.65185 0.0414007 0.0414007 1 1 0
1.64186 0.0409101 0.0409101 1 1 0
1.63187 0.0404263 0.0404263 1 1 0
1.62188 0.0399493 0.0399493 1 1 0
1.6119 0.0394789 0.0394789 1 1 0
1.60191 0.0390151 0.0390151 1 1 0
1.59192 0.0385577 0.0385577 1 1 0
1.58193 0.0381065 0.0381065 1 1 0
1.57194 0.0376615 0.0376615 1 1 0
1.56195 0.0372226 0.0372226 1 1 0
1.55196 0.0367897 0.0367897 1 1 0
1.54197 0.0363626 0.0363626 1 1 0
1.53197 0.0359412 0.0359412 1 1 0
1.52198 0.0355256 0.0355256 1 1 0
1.51199 0.0351154 0.0351154 1 1 0
1.502 0.0347108 0.0347108 1 1 0
1.49201 0.0343115 0.0343115 1 1 0
1.48202 0.0339176 0.0339176 1 1 0
1.47202 0.0335288 0.0335288 1 1 0
1.46203 0.0331451 0.0331451 1 1 0
1.45204 0.0327665 0.0327665 1 1 0
1.44204 0.0323928 0.0323928 1 1 0
1.43205 0.032024 0.032024 1 1 0
1.42206 0.0316599 0.0316599 1 1 0
1.41206 0.0313006 0.0313006 1 1 0
1.40207 0.0309459 0.0309459 1 1 0
1.39208 0.0305958 0.0305958 1 1 0
1.38208 0.0302502 0.0302502 1 1 0
1.37209 0.0299089 0.0299089 1 1 0
1.36209 0.0295721 0.0295721 1 1 0
1.3521 0.0292395 0.0292395 1 1 0
1.3421 0.0289111 0.0289111 1 1 0
1.33211 0.0285869 0.0285869 1 1 0
1.32212 0.0282667 0.0282667 1 1 0
1.31212 0.0279506 0.0279506 1 1 0
1.30213 0.0276385 0.0276385 1 1 0
1.29213 0.0273302 0.0273302 1 1 0
1.28213 0.0270258 0.0270258 1 1 0
1.27214 0.0267252 0.0267252 1 1 0
1.26214 0.0264283 0.0264283 1 1 0
1.25215 0.0261351 0.0261351 1 1 0
1.24215 0.0258455 0.0258455 1 1 0
1.23216 0.0255594 0.0255594 1 1 0
1.22216 0.0252769 0.0252769 1 1 0
1.21216 0.0249978 0.0249978 1 1 0
1.20217 0.0247222 0.0247222 1 1 0
1.19217 0.0244499 0.0244499 1 1 0
1.18218 0.0241809 0.0241809 1 1 0
1.17218 0.0239152 0.0239152 1 1 0
1.16218 0.0236527 0.0236527 1 1 0
1.15219 0.0233933 0.0233933 1 1 0
1.14219 0.0231371 0.0231371 1 1 0
1.13219 0.022884 0.022884 1 1 0
1.12219 0.0226339 0.0226339 1 1 0
1.1122 0.0223868 0.0223868 1 1 0
1.1022 0.0221427 0.0221427 1 1 0
1.0922 0.0219015 0.0219015 1 1 0
1.08221 0.0216631 0.0216631 1 1 0
1.07221 0.0214276 0.0214276 1 1 0
1.06221 0.0211949 0.0211949 1 1 0
1.05221 0.0209649 0.0209649 1 1 0
1.04222 0.0207377 0.0207377 1 1 0
1.03222 0.0205131 0.0205131 1 1 0
1.02222 0.0202911 0.0202911 1 1 0
1.01222 0.0200718 0.0200718 1 1 0
1.00223 0.0198551 0.0198551 1 1 0
0.992229 0.0196408 0.0196408 1 1 0
0.982232 0.0194291 0.0194291 1 1 0
0.972234 0.0192199 0.0192199 1 1 0
0.962236 0.019013 0.019013 1 1 0
0.952238 0.0188086 0.0188086 1 1 0
0.94224 0.0186066 0.0186066 1 1 0
0.932242 0.0184069 0.0184069 1 1 0
0.922244 0.0182095 0.0182095 1 1 0
0.912246 0.0180144 0.0180144 1 1 0
0.902248 0.0178215 0.0178215 1 1 0
0.89225 0.0176309 0.0176309 1 1 0
0.882251 0.0174424 0.0174424 1 1 0
0.872253 0.0172561 0.0172561 1 1 0
0.862255 0.0170719 0.0170719 1 1 0
0.852257 0.0168899 0.0168899 1 1 0
0.842258 0.0167099 0.0167099 1 1 0
0.83226 0.016532 0.016532 1 1 0
0.822261 0.0163561 0.0163561 1 1 0
0.812263 0.0161822 0.0161822 1 1 0
0.802264 0.0160102 0.0160102 1 1 0
0.792266 0.0158403 0.0158403 1 1 0
0.782267 0.0156722 0.0156722 1 1 0
0.772269 0.015506 0.015506 1 1 0
0.76227 0.0153417 0.0153417 1 1 0
0.752271 0.0151793 0.0151793 1 1 0
0.742272 0.0150187 0.0150187 1 1 0
0.732274 0.0148599 0.0148599 1 1 0
0.722275 0.0147029 0.0147029 1 1 0
0.712276 0.0145476 0.0145476 1 1 0
0.702277 0.0143941 0.0143941 1 1 0
0.692279 0.0142423 0.0142423 1 1 0
0.68228 0.0140922 0.0140922 1 1 0
0.672281 0.0139438 0.0139438 1 1 0
0.662282 0.013797 0.013797 1 1 0
0.652283 0.0136518 0.0136518 1 1 0
0.642284 0.0135083 0.0135083 1 1 0
0.632285 0.0133663 0.0133663 1 1 0
0.622286 0.013226 0.013226 1 1 0
0.612287 0.0130872 0.0130872 1 1 0
0.602288 0.0129499 0.0129499 1 1 0
0.592289 0.0128141 0.0128141 1 1 0
0.58229 0.0126799 0.0126799 1 1 0
0.57229 0.0125471 0.0125471 1 1 0
0.562291 0.0124158 0.0124158 1 1 0
0.552292 0.0122859 0.0122859 1 1 0
0.542293 0.0121574 0.0121574 1 1 0
0.532294 0.0120304 0.0120304 1 1 0
0.522295 0.0119047 0.0119047 1 1 0
0.512295 0.0117805 0.0117805 1 1 0
0.502296 0.0116576 0.0116576 1 1 0
0.492297 0.011536 0.011536 1 1 0
0.482298 0.0114158 0.0114158 1 1 0
0.472298 0.0112968 0.0112968 1 1 0
0.462299 0.0111792 0.0111792 1 1 0
0.4523 0.0110628 0.0110628 1 1 0
0.4423 0.0109478 0.0109478 1 1 0
0.432301 0.0108339 0.0108339 1 1 0
0.422302 0.0107213 0.0107213 1 1 0
0.412302 0.01061 0.01061 1 1 0
0.402303 0.0104998 0.0104998 1 1 0
0.392303 0.0103908 0.0103908 1 1 0
0.382304 0.010283 0.010283 1 1 0
0.372305 0.0101764 0.0101764 1 1 0
0.362305 0.0100709 0.0100709 1 1 0
0.352306 0.00996656 0.00996656 1 1 0
0.342306 0.00986334 0.00986334 1 1 0
0.332307 0.00976124 0.00976124 1 1 0
0.322307 0.00966023 0.00966023 1 1 0
0.312308 0.00956031 0.00956031 1 1 0
0.302308 0.00946147 0.00946147 1 1 0
0.292309 0.00936368 0.00936368 1 1 0
0.282309 0.00926695 0.00926695 1 1 0
0.27231 0.00917125 0.00917125 1 1 0
0.26231 0.00907657 0.00907657 1 1 0
0.252311 0.00898291 0.00898291 1 1 0
0.242311 0.00889026 0.00889026 1 1 0
0.232311 0.00879859 0.00879859 1 1 0
0.222312 0.0087079 0.0087079 1 1 0
0.212312 0.00861818 0.00861818 1 1 0
0.202313 0.00852941 0.00852941 1 1 0
0.192313 0.0084416 0.0084416 1 1 0
0.182313 0.00835471 0.00835471 1 1 0
0.172314 0.00826875 0.00826875 1 1 0
0.162314 0.00818371 0.00818371 1 1 0
0.152314 0.00809957 0.00809957 1 1 0
0.142315 0.00801632 0.00801632 1 1 0
0.132315 0.00793396 0.00793396 1 1 0
0.122315 0.00785247 0.00785247 1 1 0
0.112316 0.00777184 0.00777184 1 1 0
0.102316 0.00769207 0.00769207 1 1 0
0.0923164 0.00761314 0.00761314 1 1 0
0.0823167 0.00753504 0.00753504 1 1 0
0.072317 0.00745778 0.00745778 1 1 0
0.0623173 0.00738132 0.00738132 1 1 0
0.0523175 0.00730568 0.00730568 1 1 0
0.0423178 0.00723083 0.00723083 1 1 0
0.0323181 0.00715677 0.00715677 1 1 0
0.0223184 0.0070835 0.0070835 1 1 0
0.0123186 0.00701099 0.00701099 1 1 0
0.00231888 0.00693925 0.00693925 1 1 0
-0.00768087 0.00686826 0.00686826 1 1 0
2.70016 0.300066 0.300066 4 2 0
2.70013 0.302633 0.297385 3 2 0
2.70013 0.303506 0.296525 3 2 0
2.70017 0.311531 0.288797 3 2 0
2.70028 0.323879 0.277482 3 2 0
2.7005 0.337911 0.265402 3 2 0
2.70082 0.352142 0.25382 3 2 0
2.7012 0.366536 0.242798 3 2 0
2.70165 0.381071 0.232303 3 2 0
2.70214 0.395609 0.222316 3 2 0
2.70266 0.410269 0.21285 3 2 0
2.70322 0.424905 0.203937 3 2 0
2.70381 0.439521 0.195638 3 2 0
2.70443 0.454009 0.187644 3 2 0
2.70511 0.468312 0.180519 3 2 0
2.70584 0.482643 0.173691 3 2 0
2.70663 0.496993 0.167083 3 2 0
2.7075 0.511196 0.161224 3 2 0
2.70844 0.525295 0.155784 3 2 0
2.70946 0.539233 0.150675 3 2 0
2.71057 0.553067 0.146081 3 2 0
2.71178 0.566735 0.141998 3 2 0
2.71307 0.580257 0.138005 3 2 0
2.71447 0.593576 0.134412 3 2 0
2.71597 0.60692 0.131597 3 2 0
2.71758 0.619798 0.12865 3 2 0
2.71932 0.632318 0.126042 3 2 0
2.7212 0.64484 0.124314 3 2 0
2.72322 0.657201 0.122221 3 2 0
2.72541 0.669007 0.120311 3 2 0
2.72778 0.679852 0.118291 3 2 0
2.73034 0.690859 0.116839 3 2 0
2.73309 0.70106 0.115603 3 2 0
2.73603 0.710614 0.11449 3 2 0
2.73918 0.719437 0.113758 3 2 0
2.74251 0.727509 0.113258 3 2 0
2.74603 0.735643 0.112914 3 2 0
2.74971 0.742668 0.112835 3 2 0
2.75356 0.749181 0.112992 3 2 0
2.75755 0.755543 0.112334 3 2 0
2.76167 0.760982 0.112544 3 2 0
2.76592 0.766688 0.112963 3 2 0
2.77028 0.771546 0.113003 3 2 0
2.77475 0.776369 0.112882 3 2 0
2.7793 0.780623 0.11289 3 2 0
2.78394 0.784766 0.113032 3 2 0
2.78867 0.788382 0.11332 3 2 0
2.79346 0.791609 0.113755 3 2 0
2.79832 0.795584 0.114217 3 2 0
2.80324 0.798859 0.11491 3 2 0
2.80822 0.801766 0.115128 3 2 0
2.81325 0.804489 0.115375 3 2 0
2.81833 0.806844 0.115661 3 2 0
2.82345 0.809822 0.116058 3 2 0
2.82862 0.812136 0.116577 3 2 0
2.83382 0.814527 0.117224 3 2 0
2.83906 0.817263 0.118007 3 2 0
2.84434 0.818702 0.118434 3 2 0
2.84964 0.821332 0.11878 3 2 0
2.85498 0.823751 0.119224 3 2 0
2.86034 0.825007 0.119774 3 2 0
2.86573 0.827101 0.120436 3 2 0
2.87114 0.829373 0.121221 3 2 0
2.87657 0.831532 0.122138 3 2 0
2.88203 0.833182 0.123196 3 2 0
2.8875 0.834662 0.124408 3 2 0
2.89299 0.836541 0.124627 3 2 0
2.8985 0.838079 0.124942 3 2 0
2.90402 0.83946 0.125333 3 2 0
2.90956 0.841158 0.12568 3 2 0
2.91511 0.842576 0.126333 3 2 0
2.92068 0.843848 0.12709 3 2 0
2.92625 0.844999 0.128202 3 2 0
2.93184 0.846028 0.129311 3 2 0
2.93743 0.84748 0.130549 3 2 0
2.94304 0.848479 0.130617 3 2 0
2.94865 0.849877 0.131262 3 2 0
2.95427 0.851426 0.132003 3 2 0
2.95989 0.852717 0.133 3 2 0
2.96552 0.853642 0.134117 3 2 0
2.97115 0.854466 0.135372 3 2 0
2.97679 0.855234 0.135693 3 2 0
2.98243 0.856743 0.136477 3 2 0
2.98807 0.858125 0.137365 3 2 0
2.99372 0.859491 0.138388 3 2 0
2.99936 0.86051 0.139537 3 2 0
3.00501 0.861414 0.140823 3 2 0
3.01065 0.862253 0.141766 3 2 0
3.0163 0.86297 0.142589 3 2 0
3.02194 0.863598 0.143515 3 2 0
3.02758 0.864633 0.144561 3 2 0
3.03321 0.865186 0.145702 3 2 0
3.03884 0.866085 0.146977 3 2 0
3.04447 0.867618 0.148503 3 2 0
3.05009 0.868601 0.149438 3 2 0
3.0557 0.869466 0.150484 3 2 0
3.06131 0.870008 0.151733 3 2 0
3.0669 0.870548 0.153168 3 2 0
3.07249 0.871446 0.154766 3 2 0
3.07807 0.872194 0.156335 3 2 0
3.08363 0.873203 0.157432 3 2 0
3.08919 0.874085 0.158655 3 2 0
3.09473 0.874515 0.160496 3 2 0
3.10026 0.875432 0.161752 3 2 0
3.10577 0.876228 0.163151 3 2 0
3.11126 0.876862 0.16471 3 2 0
3.11674 0.877579 0.166452 3 2 0
3.1222 0.878188 0.168393 3 2 0
3.12764 0.878153 0.169861 3 2 0
3.13306 0.879124 0.171733 3 2 0
3.13845 0.879956 0.173821 3 2 0
3.14382 0.880246 0.175646 3 2 0
3.14916 0.881064 0.177621 3 2 0
3.15447 0.881751 0.179827 3 2 0
3.15975 0.882075 0.182104 3 2 0
3.165 0.882354 0.184724 3 2 0
3.17021 0.882998 0.187451 3 2 0
3.17539 0.883815 0.189265 3 2 0
3.18052 0.884159 0.191777 3 2 0
3.18561 0.884396 0.194597 3 2 0
3.19065 0.884861 0.197571 3 2 0
3.19564 0.885286 0.200994 3 2 0
3.20058 0.885882 0.204655 3 2 0
3.20545 0.885436 0.207008 3 2 0
3.21026 0.885317 0.210813 3 2 0
3.215 0.886158 0.215109 3 2 0
3.21966 0.887006 0.218472 3 2 0
3.22423 0.887012 0.222623 3 2 0
3.22872 0.886892 0.227327 3 2 0
3.2331 0.887629 0.232402 3 2 0
3.23738 0.887557 0.23798 3 2 0
3.24153 0.887333 0.24317 3 2 0
3.24555 0.887582 0.249106 3 2 0
3.24943 0.887441 0.255645 3 2 0
3.25315 0.887106 0.263025 3 2 0
3.25671 0.886753 0.270368 3 2 0
3.26008 0.886196 0.278521 3 2 0
3.26327 0.885423 0.287586 3 2 0
3.26626 0.884645 0.296854 3 2 0
3.26906 0.883537 0.307152 3 2 0
3.27166 0.882196 0.317401 3 2 0
3.27407 0.88082 0.328778 3 2 0
3.2763 0.879058 0.340094 3 2 0
3.27836 0.877046 0.352009 3 2 0
3.28027 0.874815 0.364387 3 2 0
3.28204 0.87228 0.377128 3 2 0
3.28368 0.869434 0.390204 3 2 0
3.28521 0.866197 0.403386 3 2 0
3.28662 0.862802 0.416675 3 2 0
3.28794 0.859064 0.430171 3 2 0
3.28916 0.854933 0.444109 3 2 0
3.29029 0.850385 0.457924 3 2 0
3.29134 0.845324 0.47181 3 2 0
3.2923 0.840081 0.485738 3 2 0
3.29318 0.834247 0.499787 3 2 0
3.29399 0.827875 0.51395 3 2 0
3.29473 0.821234 0.528498 3 2 0
3.29542 0.813526 0.54272 3 2 0
3.29605 0.806218 0.557177 3 2 0
3.29665 0.797928 0.571788 3 2 0
3.29721 0.789174 0.586347 3 2 0
3.29775 0.779908 0.600991 3 2 0
3.29824 0.770042 0.615653 3 2 0
3.2987 0.759672 0.630133 3 2 0
3.2991 0.748754 0.644548 3 2 0
3.29943 0.737374 0.658786 3 2 0
3.29967 0.725409 0.67287 3 2 0
3.29982 0.71288 0.686685 3 2 0
3.29987 0.700185 0.699815 4 2 0
3.29986 0.705615 0.694304 3 2 0
3.29977 0.718337 0.680758 3 2 0
3.29958 0.73064 0.666819 3 2 0
3.2993 0.742346 0.652666 3 2 0
3.29893 0.753568 0.638314 3 2 0
3.29851 0.764256 0.623793 3 2 0
3.29803 0.7744 0.609294 3 2 0
3.29752 0.784044 0.594585 3 2 0
3.29697 0.793033 0.579932 3 2 0
3.29639 0.801701 0.565433 3 2 0
3.29578 0.809784 0.550804 3 2 0
3.29512 0.817305 0.536401 3 2 0
3.29441 0.824078 0.521932 3 2 0
3.29364 0.830852 0.507637 3 2 0
3.2928 0.836731 0.493448 3 2 0
3.29188 0.842508 0.479369 3 2 0
3.29089 0.847671 0.465396 3 2 0
3.28981 0.852322 0.451821 3 2 0
3.28864 0.856801 0.438139 3 2 0
3.28737 0.860837 0.424455 3 2 0
3.28601 0.864204 0.410767 3 2 0
3.28455 0.867604 0.39741 3 2 0
3.28297 0.870646 0.384296 3 2 0
3.28127 0.872678 0.371476 3 2 0
3.27945 0.875057 0.358891 3 2 0
3.27747 0.8771 0.346767 3 2 0
3.27534 0.879293 0.335199 3 2 0
3.27303 0.881047 0.323534 3 2 0
3.27054 0.882586 0.312574 3 2 0
3.26785 0.884069 0.30269 3 2 0
3.26497 0.885143 0.292579 3 2 0
3.26189 0.885997 0.283361 3 2 0
3.25862 0.886557 0.27484 3 2 0
3.25516 0.886853 0.267166 3 2 0
3.25153 0.886905 0.259677 3 2 0
3.24774 0.887587 0.253046 3 2 0
3.2438 0.887552 0.246509 3 2 0
3.23971 0.887305 0.240442 3 2 0
3.23551 0.887014 0.235106 3 2 0
3.23118 0.887113 0.23041 3 2 0
3.22675 0.887226 0.225272 3 2 0
3.22222 0.887136 0.221045 3 2 0
3.21761 0.887032 0.216587 3 2 0
3.21291 0.88679 0.212649 3 2 0
3.20814 0.88648 0.209268 3 2 0
3.20331 0.886021 0.205523 3 2 0
3.1984 0.885409 0.202203 3 2 0
3.19344 0.884829 0.199143 3 2 0
3.18843 0.884686 0.196435 3 2 0
3.18337 0.884439 0.194027 3 2 0
3.17826 0.884083 0.190612 3 2 0
3.17311 0.883614 0.18818 3 2 0
3.16792 0.883022 0.186011 3 2 0
3.16269 0.882323 0.184298 3 2 0
3.15742 0.881629 0.181594 3 2 0
3.15213 0.881322 0.17904 3 2 0
3.1468 0.880921 0.177101 3 2 0
3.14145 0.880418 0.174815 3 2 0
3.13607 0.879807 0.172768 3 2 0
3.13067 0.879078 0.171686 3 2 0
3.12524 0.878223 0.170056 3 2 0
3.11979 0.877233 0.167821 3 2 0
3.11432 0.876095 0.166801 3 2 0
3.10884 0.875107 0.164718 3 2 0
3.10334 0.874863 0.162724 3 2 0
3.09782 0.87497 0.161442 3 2 0
3.09228 0.874469 0.15976 3 2 0
3.08674 0.873876 0.158033 3 2 0
3.08118 0.873032 0.156672 3 2 0
3.0756 0.872073 0.155123 3 2 0
3.07002 0.870981 0.153732 3 2 0
3.06443 0.870155 0.152546 3 2 0
3.05883 0.869615 0.151487 3 2 0
3.05322 0.868989 0.150541 3 2 0
3.04761 0.868303 0.149699 3 2 0
3.04198 0.867378 0.148059 3 2 0
3.03636 0.866331 0.146587 3 2 0
3.03072 0.864982 0.1454 3 2 0
3.02509 0.864373 0.144123 3 2 0
3.01945 0.863677 0.142981 3 2 0
3.01381 0.862917 0.14247 3 2 0
3.00816 0.861995 0.141118 3 2 0
3.00252 0.860958 0.13991 3 2 0
2.99687 0.859629 0.139128 3 2 0
2.99123 0.858286 0.138413 3 2 0
2.98558 0.857541 0.137785 3 2 0
2.97994 0.856824 0.136397 3 2 0
2.9743 0.855809 0.135779 3 2 0
2.96866 0.854673 0.135242 3 2 0
2.96303 0.85324 0.133933 3 2 0
2.9574 0.851721 0.133417 3 2 0
2.95178 0.850029 0.132333 3 2 0
2.94617 0.84928 0.13081 3 2 0
2.94056 0.847966 0.130134 3 2 0
2.93496 0.84701 0.129548 3 2 0
2.92937 0.845758 0.128702 3 2 0
2.92379 0.844027 0.127723 3 2 0
2.91822 0.842937 0.126865 3 2 0
2.91266 0.841952 0.126153 3 2 0
2.90711 0.840471 0.125553 3 2 0
2.90158 0.838821 0.125044 3 2 0
2.89606 0.836939 0.124131 3 2 0
2.89056 0.834872 0.123329 3 2 0
2.88508 0.833267 0.122641 3 2 0
2.87961 0.831908 0.122098 3 2 0
2.87417 0.829894 0.121647 3 2 0
2.86874 0.828452 0.120925 3 2 0
2.86334 0.826876 0.120144 3 2 0
2.85797 0.825068 0.119652 3 2 0
2.85262 0.82305 0.119259 3 2 0
2.8473 0.820897 0.118418 3 2 0
2.842 0.818479 0.11796 3 2 0
2.83674 0.815776 0.117604 3 2 0
2.83152 0.813215 0.116903 3 2 0
2.82633 0.811195 0.116581 3 2 0
2.82118 0.808932 0.116358 3 2 0
2.81608 0.806371 0.115393 3 2 0
2.81102 0.803563 0.115054 3 2 0
2.80601 0.800406 0.114828 3 2 0
2.80106 0.7965 0.114158 3 2 0
2.79617 0.793694 0.11377 3 2 0
2.79134 0.79053 0.113514 3 2 0
2.78657 0.786813 0.113602 3 2 0
2.78189 0.783021 0.113695 3 2 0
2.77728 0.778729 0.113889 3 2 0
2.77277 0.774034 0.112556 3 2 0
2.76835 0.769147 0.112376 3 2 0
2.76404 0.764367 0.112358 3 2 0
2.75984 0.758886 0.112352 3 2 0
2.75577 0.752994 0.112573 3 2 0
2.75185 0.746322 0.112954 3 2 0
2.74807 0.739735 0.112917 3 2 0
2.74446 0.732149 0.113143 3 2 0
2.74102 0.723653 0.113592 3 2 0
2.73777 0.715595 0.114741 3 2 0
2.73471 0.705984 0.115318 3 2 0
2.73185 0.69646 0.116163 3 2 0
2.72919 0.685952 0.117317 3 2 0
2.72672 0.675109 0.118673 3 2 0
2.72443 0.663882 0.120296 3 2 0
2.72231 0.651924 0.122527 3 2 0
2.72035 0.639419 0.124643 3 2 0
2.71854 0.626907 0.127071 3 2 0
2.71685 0.61408 0.129527 3 2 0
2.71529 0.601098 0.132551 3 2 0
2.71384 0.587847 0.135901 3 2 0
2.71249 0.574209 0.139596 3 2 0
2.71123 0.560517 0.143692 3 2 0
2.71007 0.546728 0.148243 3 2 0
2.709 0.532842 0.152869 3 2 0
2.70801 0.518833 0.158092 3 2 0
2.7071 0.504678 0.16394 3 2 0
2.70627 0.49072 0.169868 3 2 0
2.70551 0.476512 0.176442 3 2 0
2.7048 0.462132 0.183911 3 2 0
2.70415 0.44767 0.19107 3 2 0
2.70354 0.433014 0.199423 3 2 0
2.70297 0.418527 0.207767 3 2 0
2.70243 0.403892 0.216945 3 2 0
2.70192 0.38918 0.226605 3 2 0
2.70145 0.374723 0.236972 3 2 0
2.70103 0.360283 0.247526 3 2 0
2.70067 0.34595 0.25876 3 2 0
2.7004 0.331805 0.270543 3 2 0
2.70022 0.317894 0.282886 3 2 0
2.70013 0.304269 0.295775 3 2 0
2.70013 0.300093 0.299907 3 2 0
2.70018 0.313284 0.287146 3 2 0
2.70018 0.31347 0.286971 3 2 0
2.70033 0.327152 0.274582 3 2 0
2.70057 0.341242 0.262599 3 2 0
2.7009 0.355524 0.251169 3 2 0
2.7013 0.369907 0.240298 3 2 0
2.70176 0.384432 0.230037 3 2 0
2.70226 0.399106 0.220083 3 2 0
2.70279 0.413733 0.210746 3 2 0
2.70335 0.428354 0.201885 3 2 0
2.70395 0.442908 0.193708 3 2 0
2.70459 0.457474 0.185901 3 2 0
2.70528 0.471862 0.178789 3 2 0
2.70602 0.486223 0.171946 3 2 0
2.70683 0.50043 0.165657 3 2 0
2.70771 0.514537 0.159924 3 2 0
2.70867 0.528578 0.154483 3 2 0
2.70972 0.542497 0.149603 3 2 0
2.71085 0.556292 0.145343 3 2 0
2.71207 0.569941 0.141012 3 2 0
2.71339 0.583416 0.137119 3 2 0
2.71481 0.596782 0.134161 3 2 0
2.71634 0.609822 0.130934 3 2 0
2.71798 0.622546 0.128066 3 2 0
2.71975 0.635725 0.125904 3 2 0
2.72166 0.648098 0.123717 3 2 0
2.72372 0.659962 0.121831 3 2 0
2.72596 0.671686 0.119675 3 2 0
2.72837 0.6826 0.118044 3 2 0
2.73097 0.693098 0.116626 3 2 0
2.73376 0.703359 0.115258 3 2 0
2.73676 0.712522 0.114322 3 2 0
2.73995 0.721401 0.11361 3 2 0
2.74333 0.729648 0.113291 3 2 0
2.74688 0.737389 0.113162 3 2 0
2.75061 0.744265 0.113285 3 2 0
2.75449 0.750887 0.112316 3 2 0
2.75851 0.756571 0.112385 3 2 0
2.76267 0.762623 0.112658 3 2 0
2.76694 0.767941 0.112964 3 2 0
2.77133 0.772808 0.112797 3 2 0
2.77581 0.777097 0.112764 3 2 0
2.78039 0.781694 0.112905 3 2 0
2.78505 0.785641 0.11309 3 2 0
2.78979 0.789129 0.113416 3 2 0
2.7946 0.792578 0.113727 3 2 0
2.79948 0.795761 0.114238 3 2 0
2.80441 0.799389 0.114903 3 2 0
2.8094 0.802615 0.115232 3 2 0
2.81444 0.80532 0.115436 3 2 0
2.81953 0.807728 0.115747 3 2 0
2.82467 0.810623 0.11617 3 2 0
2.82984 0.812776 0.1167 3 2 0
2.83505 0.815029 0.117358 3 2 0
2.8403 0.817072 0.118126 3 2 0
2.84559 0.8198 0.118548 3 2 0
2.8509 0.822241 0.118903 3 2 0
2.85624 0.823666 0.119356 3 2 0
2.86161 0.826066 0.119915 3 2 0
2.867 0.828217 0.120587 3 2 0
2.87242 0.829833 0.121382 3 2 0
2.87786 0.831279 0.122309 3 2 0
2.88332 0.832577 0.123379 3 2 0
2.88879 0.835019 0.124604 3 2 0
2.89429 0.836337 0.124938 3 2 0
2.8998 0.837553 0.125231 3 2 0
2.90533 0.839571 0.125328 3 2 0
2.91087 0.840712 0.12587 3 2 0
2.91643 0.842425 0.126506 3 2 0
2.92199 0.843999 0.127419 3 2 0
2.92757 0.845068 0.128408 3 2 0
2.93316 0.846697 0.129532 3 2 0
2.93876 0.847657 0.130264 3 2 0
2.94436 0.848694 0.130822 3 2 0
2.94997 0.850341 0.131467 3 2 0
2.95559 0.851369 0.132192 3 2 0
2.96122 0.852492 0.133155 3 2 0
2.96685 0.853988 0.134243 3 2 0
2.97248 0.854979 0.135342 3 2 0
2.97812 0.856351 0.136002 3 2 0
2.98376 0.857579 0.136754 3 2 0
2.98941 0.858485 0.137591 3 2 0
2.99505 0.859681 0.13859 3 2 0
3.00069 0.860747 0.139712 3 2 0
3.00634 0.861517 0.141184 3 2 0
3.01198 0.862251 0.14208 3 2 0
3.01763 0.862895 0.142889 3 2 0
3.02327 0.863623 0.143728 3 2 0
3.02891 0.864425 0.14483 3 2 0
3.03454 0.865745 0.146063 3 2 0
3.04018 0.867196 0.14755 3 2 0
3.0458 0.867913 0.149135 3 2 0
3.05142 0.868538 0.1509 3 2 0
3.05703 0.869476 0.15158 3 2 0
3.06263 0.870052 0.152514 3 2 0
3.06823 0.871066 0.153559 3 2 0
3.07381 0.871831 0.154837 3 2 0
3.07939 0.872761 0.156058 3 2 0
3.08495 0.873572 0.157419 3 2 0
3.0905 0.87405 0.15889 3 2 0
3.09604 0.87453 0.160369 3 2 0
3.10156 0.875283 0.162016 3 2 0
3.10707 0.875846 0.164296 3 2 0
3.11256 0.876817 0.166395 3 2 0
3.11804 0.877658 0.167612 3 2 0
3.12349 0.87839 0.168636 3 2 0
3.12892 0.878949 0.170716 3 2 0
3.13433 0.879409 0.173036 3 2 0
3.13972 0.880129 0.174584 3 2 0
3.14508 0.880552 0.176271 3 2 0
3.15042 0.880881 0.178155 3 2 0
3.15572 0.881345 0.180334 3 2 0
3.161 0.882191 0.182803 3 2 0
3.16624 0.882898 0.185566 3 2 0
3.17144 0.883365 0.187635 3 2 0
3.17661 0.883665 0.189889 3 2 0
3.18173 0.883978 0.192416 3 2 0
3.18681 0.884588 0.195203 3 2 0
3.19184 0.884918 0.198302 3 2 0
3.19681 0.885559 0.201787 3 2 0
3.20173 0.885008 0.204675 3 2 0
3.20659 0.885829 0.207853 3 2 0
3.21139 0.886472 0.21144 3 2 0
3.21611 0.887127 0.215682 3 2 0
3.22075 0.887379 0.21993 3 2 0
3.2253 0.887485 0.223865 3 2 0
3.22976 0.887089 0.22839 3 2 0
3.23412 0.886971 0.233307 3 2 0
3.23837 0.887366 0.238882 3 2 0
3.24249 0.887719 0.244396 3 2 0
3.24648 0.887689 0.25085 3 2 0
3.25033 0.887466 0.257786 3 2 0
3.25401 0.887063 0.264798 3 2 0
3.25752 0.886604 0.272542 3 2 0
3.26085 0.885938 0.280572 3 2 0
3.264 0.884966 0.289818 3 2 0
3.26694 0.884236 0.299076 3 2 0
3.26969 0.883239 0.309192 3 2 0
3.27224 0.881861 0.320194 3 2 0
3.27461 0.880381 0.331349 3 2 0
3.2768 0.878627 0.342839 3 2 0
3.27882 0.87652 0.355145 3 2 0
3.2807 0.874215 0.367425 3 2 0
3.28244 0.871607 0.380123 3 2 0
3.28405 0.86852 0.393375 3 2 0
3.28555 0.865226 0.406482 3 2 0
3.28694 0.861712 0.419832 3 2 0
3.28824 0.858145 0.433528 3 2 0
3.28944 0.853826 0.447192 3 2 0
3.29055 0.849021 0.461007 3 2 0
3.29157 0.844189 0.475162 3 2 0
3.29251 0.838754 0.489124 3 2 0
3.29338 0.832656 0.503172 3 2 0
3.29417 0.826395 0.517551 3 2 0
3.2949 0.819618 0.531722 3 2 0
3.29557 0.811901 0.546089 3 2 0
3.2962 0.804261 0.560703 3 2 0
3.29679 0.79601 0.575187 3 2 0
3.29734 0.786725 0.589829 3 2 0
3.29787 0.777538 0.604423 3 2 0
3.29836 0.767534 0.619018 3 2 0
3.2988 0.757097 0.633529 3 2 0
3.29919 0.746072 0.64789 3 2 0
3.2995 0.734555 0.662116 3 2 0
3.29972 0.722468 0.676149 3 2 0
3.29984 0.709833 0.689914 3 2 0
3.29987 0.701505 0.698493 3 2 0
3.29981 0.714383 0.685089 3 2 0
3.29965 0.72687 0.671204 3 2 0
3.29939 0.738757 0.657106 3 2 0
3.29906 0.750092 0.64282 3 2 0
3.29865 0.760981 0.628307 3 2 0
3.29818 0.771225 0.613756 3 2 0
3.29768 0.781042 0.599251 3 2 0
3.29714 0.790305 0.584498 3 2 0
3.29658 0.799115 0.570029 3 2 0
3.29598 0.807298 0.55532 3 2 0
3.29533 0.815018 0.540901 3 2 0
3.29464 0.821941 0.526406 3 2 0
3.29389 0.828868 0.512095 3 2 0
3.29307 0.83494 0.497867 3 2 0
3.29218 0.840817 0.483757 3 2 0
3.29121 0.846065 0.469756 3 2 0
3.29015 0.850899 0.455851 3 2 0
3.28901 0.85549 0.442056 3 2 0
3.28778 0.859625 0.428386 3 2 0
3.28645 0.863136 0.415385 3 2 0
3.28501 0.866642 0.401896 3 2 0
3.28347 0.869785 0.38857 3 2 0
3.28182 0.872049 0.375431 3 2 0
3.28003 0.874537 0.362836 3 2 0
3.2781 0.876694 0.350685 3 2 0
3.27602 0.878533 0.338896 3 2 0
3.27377 0.880364 0.327116 3 2 0
3.27133 0.881985 0.315917 3 2 0
3.26871 0.883571 0.305745 3 2 0
3.26589 0.884743 0.295518 3 2 0
3.26287 0.8857 0.286171 3 2 0
3.25966 0.886468 0.277472 3 2 0
3.25626 0.886918 0.269673 3 2 0
3.25268 0.887138 0.261853 3 2 0
3.24894 0.887566 0.254908 3 2 0
3.24504 0.8876 0.248582 3 2 0
3.241 0.887425 0.242259 3 2 0
3.23683 0.887378 0.236646 3 2 0
3.23254 0.886902 0.231522 3 2 0
3.22814 0.88708 0.22701 3 2 0
3.22365 0.88706 0.222068 3 2 0
3.21906 0.887032 0.217869 3 2 0
3.21439 0.88687 0.214162 3 2 0
3.20964 0.886586 0.210381 3 2 0
3.20482 0.886168 0.206581 3 2 0
3.19994 0.8856 0.203214 3 2 0
3.195 0.885101 0.200506 3 2 0
3.19 0.884654 0.197147 3 2 0
3.18495 0.884466 0.194161 3 2 0
3.17986 0.884147 0.191811 3 2 0
3.17472 0.883767 0.189482 3 2 0
3.16954 0.88327 0.186579 3 2 0
3.16432 0.882641 0.184374 3 2 0
3.15907 0.881883 0.181787 3 2 0
3.15379 0.881322 0.179475 3 2 0
3.14847 0.880985 0.177383 3 2 0
3.14312 0.880552 0.17534 3 2 0
3.13775 0.880016 0.173511 3 2 0
3.13235 0.879369 0.171574 3 2 0
3.12693 0.878604 0.169642 3 2 0
3.12149 0.87771 0.16791 3 2 0
3.11603 0.876677 0.166229 3 2 0
3.11055 0.875495 0.164774 3 2 0
3.10505 0.874586 0.163468 3 2 0
3.09954 0.874873 0.161542 3 2 0
3.09401 0.874458 0.159854 3 2 0
3.08847 0.873959 0.158339 3 2 0
3.08291 0.873391 0.156914 3 2 0
3.07734 0.872601 0.155497 3 2 0
3.07176 0.871694 0.154226 3 2 0
3.06617 0.87032 0.15289 3 2 0
3.06058 0.869396 0.151765 3 2 0
3.05497 0.868888 0.150758 3 2 0
3.04936 0.868494 0.149208 3 2 0
3.04374 0.867715 0.148239 3 2 0
3.03811 0.86683 0.147375 3 2 0
3.03248 0.865617 0.145842 3 2 0
3.02685 0.864376 0.144988 3 2 0
3.02121 0.863607 0.144229 3 2 0
3.01557 0.86314 0.142925 3 2 0
3.00992 0.862282 0.141536 3 2 0
3.00428 0.861315 0.140294 3 2 0
2.99863 0.86016 0.139181 3 2 0
2.99299 0.858897 0.138342 3 2 0
2.98734 0.857585 0.137602 3 2 0
2.9817 0.857017 0.136818 3 2 0
2.97606 0.856089 0.136225 3 2 0
2.97042 0.855048 0.135515 3 2 0
2.96478 0.853715 0.133848 3 2 0
2.95916 0.852705 0.132789 3 2 0
2.95353 0.851575 0.131853 3 2 0
2.94791 0.850126 0.131181 3 2 0
2.9423 0.849062 0.130558 3 2 0
2.9367 0.847873 0.13002 3 2 0
2.93111 0.846191 0.128676 3 2 0
2.92552 0.844481 0.128046 3 2 0
2.91995 0.843298 0.127507 3 2 0
2.91439 0.842214 0.126341 3 2 0
2.90884 0.840912 0.125673 3 2 0
2.9033 0.83946 0.125102 3 2 0
2.89778 0.837915 0.124715 3 2 0
2.89228 0.836141 0.123746 3 2 0
2.88679 0.834166 0.122908 3 2 0
2.88132 0.832797 0.122896 3 2 0
2.87586 0.830717 0.122647 3 2 0
2.87043 0.828696 0.122469 3 2 0
2.86503 0.827083 0.120199 3 2 0
2.85964 0.82546 0.119652 3 2 0
2.85428 0.823647 0.119209 3 2 0
2.84895 0.821371 0.118672 3 2 0
2.84365 0.81942 0.11828 3 2 0
2.83838 0.817238 0.117983 3 2 0
2.83315 0.814812 0.116999 3 2 0
2.82795 0.812471 0.116475 3 2 0
2.82279 0.809847 0.116067 3 2 0
2.81767 0.807009 0.11558 3 2 0
2.8126 0.804432 0.115081 3 2 0
2.80757 0.801535 0.114708 3 2 0
2.8026 0.798225 0.11428 3 2 0
2.79769 0.79518 0.113878 3 2 0
2.79284 0.791746 0.11361 3 2 0
2.78805 0.788133 0.113148 3 2 0
2.78334 0.784192 0.113035 3 2 0
2.77871 0.779734 0.113047 3 2 0
2.77417 0.77535 0.112694 3 2 0
2.76972 0.770754 0.112436 3 2 0
2.76537 0.766039 0.112345 3 2 0
2.76114 0.760683 0.112314 3 2 0
2.75703 0.754862 0.11223 3 2 0
2.75306 0.74827 0.112336 3 2 0
2.74923 0.741822 0.112653 3 2 0
2.74557 0.734106 0.113033 3 2 0
2.74207 0.726664 0.113608 3 2 0
2.73876 0.718247 0.114218 3 2 0
2.73565 0.708913 0.114839 3 2 0
2.73272 0.699677 0.115711 3 2 0
2.73 0.689327 0.116859 3 2 0
2.72747 0.678527 0.118174 3 2 0
2.72512 0.667484 0.119746 3 2 0
2.72295 0.655343 0.121564 3 2 0
2.72095 0.643474 0.123642 3 2 0
2.71909 0.631116 0.125994 3 2 0
2.71737 0.61816 0.12883 3 2 0
2.71577 0.605241 0.131806 3 2 0
2.71428 0.59204 0.135137 3 2 0
2.7129 0.578356 0.138402 3 2 0
2.71162 0.564851 0.142371 3 2 0
2.71043 0.551171 0.146776 3 2 0
2.70933 0.537391 0.15132 3 2 0
2.70831 0.523425 0.156539 3 2 0
2.70738 0.50933 0.162027 3 2 0
2.70652 0.495242 0.168065 3 2 0
2.70574 0.481001 0.174312 3 2 0
2.70502 0.466596 0.18131 3 2 0
2.70435 0.452165 0.188787 3 2 0
2.70373 0.437656 0.196565 3 2 0
2.70315 0.423051 0.205285 3 2 0
2.70259 0.40847 0.214021 3 2 0
2.70207 0.393726 0.223602 3 2 0
2.70159 0.379256 0.233697 3 2 0
2.70115 0.364749 0.24417 3 2 0
2.70077 0.350412 0.255253 3 2 0
2.70047 0.33621 0.266848 3 2 0
2.70026 0.32221 0.278967 3 2 0
2.70015 0.308481 0.291693 3 2 0
2.70013 0.301352 0.298653 3 2 0
2.70019 0.314748 0.285774 3 2 0
2.70035 0.328609 0.27328 3 2 0
2.7006 0.342739 0.261353 3 2 0
2.70094 0.357079 0.25003 3 2 0
2.70135 0.371516 0.239187 3 2 0
2.70181 0.386004 0.22889 3 2 0
2.70231 0.40068 0.21913 3 2 0
2.70285 0.415296 0.209798 3 2 0
2.70342 0.429905 0.200981 3 2 0
2.70402 0.444521 0.192835 3 2 0
2.70466 0.458931 0.185117 3 2 0
2.70535 0.473303 0.177966 3 2 0
2.7061 0.48771 0.171338 3 2 0
2.70692 0.501961 0.164996 3 2 0
2.70781 0.516082 0.159356 3 2 0
2.70878 0.529933 0.153988 3 2 0
2.70983 0.543831 0.149042 3 2 0
2.71098 0.557583 0.144588 3 2 0
2.71221 0.571219 0.140629 3 2 0
2.71354 0.584818 0.136764 3 2 0
2.71497 0.598255 0.133287 3 2 0
2.71651 0.611268 0.130672 3 2 0
2.71816 0.623981 0.12784 3 2 0
2.71995 0.63679 0.125346 3 2 0
2.72187 0.649328 0.123392 3 2 0
2.72395 0.661379 0.12156 3 2 0
2.7262 0.672832 0.11989 3 2 0
2.72864 0.683758 0.118052 3 2 0
2.73126 0.694464 0.116636 3 2 0
2.73408 0.704342 0.115427 3 2 0
2.73709 0.713406 0.114265 3 2 0
2.7403 0.722367 0.113546 3 2 0
2.7437 0.730615 0.113047 3 2 0
2.74727 0.737696 0.112925 3 2 0
2.75101 0.745101 0.112972 3 2 0
2.75491 0.75166 0.113262 3 2 0
2.75895 0.757636 0.112331 3 2 0
2.76312 0.763281 0.112583 3 2 0
2.76741 0.768253 0.113042 3 2 0
2.7718 0.773296 0.11291 3 2 0
2.7763 0.777878 0.112849 3 2 0
2.78088 0.781921 0.11292 3 2 0
2.78556 0.785977 0.113129 3 2 0
2.7903 0.789369 0.113426 3 2 0
2.79512 0.793091 0.113869 3 2 0
2.8 0.796691 0.114159 3 2 0
2.80494 0.799934 0.114746 3 2 0
2.80994 0.802814 0.115416 3 2 0
2.81499 0.805781 0.115559 3 2 0
2.82008 0.808328 0.115838 3 2 0
2.82522 0.810599 0.116227 3 2 0
2.8304 0.813445 0.116726 3 2 0
2.83561 0.815999 0.117346 3 2 0
2.84087 0.81828 0.118099 3 2 0
2.84615 0.820176 0.118691 3 2 0
2.85147 0.822537 0.119022 3 2 0
2.85681 0.824652 0.119449 3 2 0
2.86218 0.826123 0.119978 3 2 0
2.86758 0.828335 0.120617 3 2 0
2.873 0.830318 0.121376 3 2 0
2.87844 0.831833 0.122263 3 2 0
2.8839 0.833235 0.123289 3 2 0
2.88938 0.834493 0.124465 3 2 0
2.89488 0.837085 0.124996 3 2 0
2.90039 0.838558 0.125296 3 2 0
2.90592 0.839882 0.125671 3 2 0
2.91147 0.841656 0.125981 3 2 0
2.91702 0.842994 0.126604 3 2 0
2.92259 0.844194 0.127329 3 2 0
2.92817 0.845092 0.128372 3 2 0
2.93376 0.846585 0.129441 3 2 0
2.93935 0.848193 0.130652 3 2 0
2.94496 0.848875 0.131022 3 2 0
2.95057 0.850349 0.131633 3 2 0
2.95619 0.851869 0.132337 3 2 0
2.96182 0.853209 0.133219 3 2 0
2.96745 0.854174 0.134287 3 2 0
2.97309 0.855034 0.135488 3 2 0
2.97872 0.855632 0.136095 3 2 0
2.98437 0.857149 0.136851 3 2 0
2.99001 0.858509 0.137707 3 2 0
2.99565 0.859852 0.13869 3 2 0
3.0013 0.860841 0.139807 3 2 0
3.00694 0.861718 0.141058 3 2 0
3.01259 0.862463 0.142231 3 2 0
3.01823 0.863134 0.143032 3 2 0
3.02387 0.86372 0.143934 3 2 0
3.02951 0.864918 0.144938 3 2 0
3.03515 0.86612 0.146113 3 2 0
3.04078 0.867189 0.147425 3 2 0
3.0464 0.867549 0.149822 3 2 0
3.05202 0.868707 0.15059 3 2 0
3.05763 0.869733 0.151451 3 2 0
3.06323 0.87013 0.152227 3 2 0
3.06882 0.870933 0.153457 3 2 0
3.07441 0.871964 0.154829 3 2 0
3.07998 0.872397 0.156591 3 2 0
3.08554 0.873422 0.158118 3 2 0
3.09109 0.874318 0.159292 3 2 0
3.09663 0.874738 0.160899 3 2 0
3.10215 0.875661 0.162843 3 2 0
3.10766 0.876461 0.164922 3 2 0
3.11315 0.876843 0.165923 3 2 0
3.11862 0.877307 0.168146 3 2 0
3.12407 0.878227 0.169588 3 2 0
3.1295 0.879083 0.17049 3 2 0
3.13491 0.87962 0.172493 3 2 0
3.1403 0.880057 0.174729 3 2 0
3.14566 0.88074 0.176271 3 2 0
3.15099 0.881405 0.178425 3 2 0
3.15629 0.881952 0.18083 3 2 0
3.16156 0.88218 0.183198 3 2 0
3.16679 0.882428 0.185238 3 2 0
3.17199 0.883247 0.187521 3 2 0
3.17716 0.883841 0.190143 3 2 0
3.18227 0.884443 0.1931 3 2 0
3.18735 0.884913 0.196132 3 2 0
3.19237 0.885331 0.198612 3 2 0
3.19734 0.885689 0.202106 3 2 0
3.20226 0.885924 0.205289 3 2 0
3.20711 0.886374 0.208636 3 2 0
3.21189 0.886441 0.211942 3 2 0
3.21661 0.886395 0.215679 3 2 0
3.22124 0.886827 0.220195 3 2 0
3.22578 0.886724 0.224572 3 2 0
3.23024 0.886959 0.228921 3 2 0
3.23458 0.887685 0.233905 3 2 0
3.23882 0.887705 0.239253 3 2 0
3.24293 0.887558 0.245317 3 2 0
3.2469 0.88757 0.251398 3 2 0
3.25073 0.887332 0.257981 3 2 0
3.25439 0.886904 0.265409 3 2 0
3.25789 0.886308 0.273203 3 2 0
3.2612 0.885888 0.28146 3 2 0
3.26432 0.885223 0.290622 3 2 0
3.26725 0.884311 0.300127 3 2 0
3.26997 0.883184 0.31032 3 2 0
3.27251 0.881813 0.321312 3 2 0
3.27485 0.880207 0.332452 3 2 0
3.27702 0.878422 0.344081 3 2 0
3.27903 0.87636 0.35627 3 2 0
3.28089 0.873921 0.368726 3 2 0
3.28262 0.87128 0.38152 3 2 0
3.28422 0.868316 0.394633 3 2 0
3.2857 0.865052 0.408049 3 2 0
3.28709 0.861371 0.421601 3 2 0
3.28837 0.8574 0.435095 3 2 0
3.28956 0.853342 0.448905 3 2 0
3.29066 0.84874 0.462713 3 2 0
3.29168 0.843625 0.476669 3 2 0
3.29261 0.838139 0.49043 3 2 0
3.29347 0.832141 0.504584 3 2 0
3.29425 0.825661 0.518874 3 2 0
3.29497 0.818801 0.533271 3 2 0
3.29564 0.810888 0.547646 3 2 0
3.29626 0.803443 0.562264 3 2 0
3.29685 0.794896 0.576782 3 2 0
3.2974 0.78606 0.591428 3 2 0
3.29792 0.776577 0.606005 3 2 0
3.29841 0.766536 0.620568 3 2 0
3.29885 0.755945 0.635059 3 2 0
3.29922 0.744854 0.649432 3 2 0
3.29952 0.733299 0.663645 3 2 0
3.29974 0.721151 0.67765 3 2 0
3.29985 0.708443 0.691367 3 2 0
3.29987 0.701407 0.698589 3 2 0
3.29981 0.714298 0.685178 3 2 0
3.29965 0.726765 0.671311 3 2 0
3.2994 0.738705 0.657159 3 2 0
3.29906 0.75005 0.642862 3 2 0
3.29865 0.760835 0.628413 3 2 0
3.29819 0.771161 0.613946 3 2 0
3.29769 0.780969 0.599266 3 2 0
3.29715 0.790207 0.584638 3 2 0
3.29658 0.799051 0.569997 3 2 0
3.29598 0.807242 0.555532 3 2 0
3.29534 0.81487 0.540921 3 2 0
3.29465 0.821887 0.526542 3 2 0
3.29389 0.82881 0.512188 3 2 0
3.29308 0.834975 0.497986 3 2 0
3.29219 0.840703 0.483869 3 2 0
3.29122 0.846087 0.469847 3 2 0
3.29016 0.850918 0.455942 3 2 0
3.28902 0.855202 0.44217 3 2 0
3.28779 0.859469 0.428534 3 2 0
3.28646 0.863307 0.415073 3 2 0
3.28503 0.866318 0.401801 3 2 0
3.28349 0.869496 0.388812 3 2 0
3.28183 0.872322 0.375954 3 2 0
3.28004 0.874615 0.363215 3 2 0
3.27812 0.87678 0.351084 3 2 0
3.27604 0.878627 0.338782 3 2 0
3.27379 0.88015 0.327274 3 2 0
3.27135 0.881787 0.316273 3 2 0
3.26873 0.883219 0.305511 3 2 0
3.26591 0.884703 0.29555 3 2 0
3.2629 0.885672 0.286407 3 2 0
3.25968 0.886427 0.277696 3 2 0
3.25629 0.886826 0.269751 3 2 0
3.25271 0.886971 0.261986 3 2 0
3.24897 0.886872 0.254794 3 2 0
3.24507 0.88772 0.248375 3 2 0
3.24103 0.887667 0.242286 3 2 0
3.23686 0.887413 0.236919 3 2 0
3.23258 0.886957 0.231931 3 2 0
3.22818 0.887132 0.226703 3 2 0
3.22368 0.887178 0.222094 3 2 0
3.21909 0.887051 0.217931 3 2 0
3.21442 0.886872 0.213858 3 2 0
3.20968 0.886553 0.210259 3 2 0
3.20486 0.886255 0.207368 3 2 0
3.19998 0.885771 0.203513 3 2 0
3.19504 0.885136 0.200092 3 2 0
3.19004 0.884619 0.197417 3 2 0
3.18499 0.884441 0.194989 3 2 0
3.1799 0.88416 0.191872 3 2 0
3.17476 0.883764 0.189741 3 2 0
3.16958 0.883279 0.186894 3 2 0
3.16436 0.882672 0.184151 3 2 0
3.15911 0.881938 0.182452 3 2 0
3.15383 0.88128 0.179812 3 2 0
3.14851 0.880956 0.177452 3 2 0
3.14316 0.880538 0.175885 3 2 0
3.13779 0.880018 0.173579 3 2 0
3.1324 0.879389 0.171513 3 2 0
3.12698 0.878643 0.170508 3 2 0
3.12153 0.877771 0.168785 3 2 0
3.11607 0.876762 0.166615 3 2 0
3.11059 0.875606 0.165487 3 2 0
3.1051 0.874717 0.163397 3 2 0
3.09958 0.874454 0.16152 3 2 0
3.09405 0.874501 0.159924 3 2 0
3.08851 0.873986 0.158353 3 2 0
3.08296 0.873379 0.156944 3 2 0
3.07739 0.872544 0.155682 3 2 0
3.07181 0.871595 0.154185 3 2 0
3.06622 0.870515 0.152842 3 2 0
3.06062 0.869491 0.151774 3 2 0
3.05502 0.868966 0.150774 3 2 0
3.0494 0.868357 0.149882 3 2 0
3.04378 0.867728 0.148681 3 2 0
3.03816 0.866818 0.147119 3 2 0
3.03253 0.865789 0.145718 3 2 0
3.02689 0.864328 0.145083 3 2 0
3.02125 0.863715 0.14365 3 2 0
3.01561 0.863016 0.142366 3 2 0
3.00997 0.862266 0.141246 3 2 0
3.00432 0.861333 0.140146 3 2 0
2.99868 0.860284 0.139168 3 2 0
2.99303 0.858926 0.138459 3 2 0
2.98739 0.857582 0.137759 3 2 0
2.98175 0.856823 0.137145 3 2 0
2.9761 0.856138 0.135588 3 2 0
2.97046 0.855053 0.134522 3 2 0
2.96483 0.853839 0.133577 3 2 0
2.9592 0.85273 0.133473 3 2 0
2.95357 0.851583 0.132964 3 2 0
2.94796 0.850302 0.131673 3 2 0
2.94234 0.848952 0.130224 3 2 0
2.93674 0.847382 0.129505 3 2 0
2.93115 0.845634 0.12888 3 2 0
2.92557 0.844735 0.127863 3 2 0
2.91999 0.843614 0.127199 3 2 0
2.91443 0.842363 0.126629 3 2 0
2.90888 0.840715 0.125752 3 2 0
2.90334 0.839399 0.124925 3 2 0
2.89782 0.837933 0.12421 3 2 0
2.89231 0.835688 0.123642 3 2 0
2.88683 0.834375 0.122866 3 2 0
2.88135 0.832913 0.122203 3 2 0
2.8759 0.83118 0.121821 3 2 0
2.87047 0.829125 0.121 3 2 0
2.86506 0.826834 0.120303 3 2 0
2.85968 0.825688 0.119727 3 2 0
2.85432 0.823506 0.119202 3 2 0
2.84899 0.821067 0.118779 3 2 0
2.84368 0.819159 0.118034 3 2 0
2.83841 0.817156 0.117582 3 2 0
2.83318 0.814916 0.117234 3 2 0
2.82798 0.812344 0.116472 3 2 0
2.82282 0.809936 0.116044 3 2 0
2.8177 0.807235 0.115728 3 2 0
2.81263 0.804432 0.115117 3 2 0
2.8076 0.801555 0.114664 3 2 0
2.80263 0.798318 0.114338 3 2 0
2.79772 0.795086 0.113947 3 2 0
2.79287 0.791793 0.113768 3 2 0
2.78808 0.788073 0.113464 3 2 0
2.78337 0.784194 0.112869 3 2 0
2.77874 0.780195 0.112776 3 2 0
2.77419 0.775665 0.112813 3 2 0
2.76974 0.770975 0.112595 3 2 0
2.76539 0.765481 0.11272 3 2 0
2.76116 0.76051 0.112984 3 2 0
2.75705 0.754762 0.112779 3 2 0
2.75308 0.748165 0.112857 3 2 0
2.74925 0.741855 0.112823 3 2 0
2.74559 0.734488 0.113463 3 2 0
2.74209 0.726296 0.113654 3 2 0
2.73878 0.718335 0.114092 3 2 0
2.73566 0.709299 0.114807 3 2 0
2.73274 0.699861 0.115694 3 2 0
2.73001 0.689568 0.116825 3 2 0
2.72748 0.678698 0.118268 3 2 0
2.72514 0.66703 0.119908 3 2 0
2.72297 0.65562 0.121786 3 2 0
2.72096 0.643269 0.123756 3 2 0
2.7191 0.630903 0.126093 3 2 0
2.71738 0.618302 0.128736 3 2 0
2.71578 0.605308 0.131938 3 2 0
2.71429 0.592114 0.135103 3 2 0
2.71291 0.578696 0.13858 3 2 0
2.71162 0.565073 0.142312 3 2 0
2.71043 0.551329 0.146606 3 2 0
2.70933 0.53748 0.151375 3 2 0
2.70832 0.523043 0.156535 3 2 0
2.70738 0.509116 0.161943 3 2 0
2.70653 0.495113 0.167837 3 2 0
2.70574 0.480831 0.174303 3 2 0
2.70502 0.466659 0.181611 3 2 0
2.70436 0.452285 0.188824 3 2 0
2.70373 0.43766 0.196516 3 2 0
2.70315 0.423173 0.205169 3 2 0
2.7026 0.408534 0.213976 3 2 0
2.70208 0.393937 0.22356 3 2 0
2.70159 0.379352 0.233509 3 2 0
2.70115 0.364856 0.244056 3 2 0
2.70078 0.350487 0.255144 3 2 0
2.70047 0.336281 0.266741 3 2 0
2.70026 0.322276 0.278902 3 2 0
2.70015 0.308563 0.291619 3 2 0
2.70013 0.301383 0.29862 3 2 0
2.70019 0.314776 0.285731 3 2 0
2.70035 0.328677 0.273245 3 2 0
2.7006 0.342769 0.261356 3 2 0
2.70094 0.357033 0.250004 3 2 0
2.70135 0.371557 0.239115 3 2 0
2.70181 0.386106 0.228854 3 2 0
2.70231 0.400601 0.219033 3 2 0
2.70285 0.415316 0.209796 3 2 0
2.70342 0.429957 0.200971 3 2 0
2.70402 0.444426 0.192767 3 2 0
2.70466 0.458944 0.185059 3 2 0
2.70535 0.473453 0.178085 3 2 0
2.7061 0.487777 0.171188 3 2 0
2.70692 0.501989 0.165089 3 2 0
2.70781 0.516117 0.159234 3 2 0
2.70878 0.530129 0.154002 3 2 0
2.70984 0.544035 0.149137 3 2 0
2.71098 0.557824 0.144548 3 2 0
2.71221 0.571478 0.140413 3 2 0
2.71354 0.584659 0.136868 3 2 0
2.71497 0.59783 0.133365 3 2 0
2.71651 0.611123 0.130222 3 2 0
2.71817 0.624426 0.127897 3 2 0
2.71995 0.636968 0.125405 3 2 0
2.72188 0.649062 0.123241 3 2 0
2.72396 0.661201 0.121561 3 2 0
2.72621 0.672579 0.119723 3 2 0
2.72864 0.683915 0.118094 3 2 0
2.73126 0.694361 0.116475 3 2 0
2.73408 0.704435 0.115293 3 2 0
2.7371 0.713634 0.114325 3 2 0
2.74031 0.722493 0.113531 3 2 0
2.74371 0.730395 0.113067 3 2 0
2.74728 0.737966 0.112831 3 2 0
2.75102 0.74517 0.112466 3 2 0
2.75492 0.751633 0.112477 3 2 0
2.75896 0.757336 0.112704 3 2 0
2.76313 0.76331 0.112502 3 2 0
2.76742 0.768342 0.112922 3 2 0
2.77181 0.772973 0.113011 3 2 0
2.77631 0.777846 0.112997 3 2 0
2.7809 0.782137 0.113004 3 2 0
2.78557 0.785925 0.113141 3 2 0
2.79031 0.789773 0.113411 3 2 0
2.79513 0.793428 0.113817 3 2 0
2.80001 0.796666 0.114374 3 2 0
2.80495 0.79942 0.114824 3 2 0
2.80995 0.802082 0.115406 3 2 0
2.815 0.805459 0.115576 3 2 0
2.82009 0.807859 0.115866 3 2 0
2.82523 0.810893 0.116236 3 2 0
2.83041 0.8136 0.116722 3 2 0
2.83563 0.815091 0.117331 3 2 0
2.84088 0.817884 0.118071 3 2 0
2.84617 0.820382 0.11873 3 2 0
2.85148 0.82236 0.11905 3 2 0
2.85683 0.824606 0.119465 3 2 0
2.8622 0.826617 0.119982 3 2 0
2.86759 0.828041 0.120608 3 2 0
2.87301 0.830178 0.121351 3 2 0
2.87846 0.832094 0.122222 3 2 0
2.88392 0.833846 0.123229 3 2 0
2.8894 0.835408 0.124385 3 2 0
2.89489 0.83681 0.125526 3 2 0
2.90041 0.838264 0.125192 3 2 0
2.90594 0.84004 0.125591 3 2 0
2.91148 0.841635 0.126073 3 2 0
2.91704 0.843047 0.126605 3 2 0
2.92261 0.844285 0.127374 3 2 0
2.92818 0.845395 0.128257 3 2 0
2.93377 0.847168 0.129657 3 2 0
2.93937 0.848365 0.130568 3 2 0
2.94498 0.849437 0.131081 3 2 0
2.95059 0.850848 0.131484 3 2 0
2.95621 0.851853 0.132272 3 2 0
2.96184 0.85275 0.13317 3 2 0
2.96747 0.853422 0.134359 3 2 0
2.9731 0.854947 0.135595 3 2 0
2.97874 0.856382 0.136381 3 2 0
2.98438 0.857274 0.136858 3 2 0
2.99003 0.858591 0.137711 3 2 0
2.99567 0.859769 0.138674 3 2 0
3.00132 0.860615 0.139832 3 2 0
3.00696 0.861356 0.141097 3 2 0
3.0126 0.862007 0.142383 3 2 0
3.01825 0.863219 0.14301 3 2 0
3.02389 0.863822 0.143922 3 2 0
3.02953 0.864347 0.144946 3 2 0
3.03516 0.865992 0.146209 3 2 0
3.04079 0.867113 0.147252 3 2 0
3.04641 0.868106 0.148419 3 2 0
3.05203 0.868845 0.149941 3 2 0
3.05764 0.869486 0.150975 3 2 0
3.06325 0.87004 0.152132 3 2 0
3.06884 0.871184 0.153749 3 2 0
3.07442 0.871742 0.155433 3 2 0
3.08 0.87242 0.156739 3 2 0
3.08556 0.873651 0.157794 3 2 0
3.09111 0.874356 0.159086 3 2 0
3.09664 0.874961 0.160525 3 2 0
3.10217 0.875664 0.162049 3 2 0
3.10767 0.876164 0.163795 3 2 0
3.11316 0.876631 0.165741 3 2 0
3.11863 0.877777 0.167094 3 2 0
3.12408 0.878288 0.16911 3 2 0
3.12952 0.878706 0.171356 3 2 0
3.13492 0.879579 0.173002 3 2 0
3.14031 0.879955 0.174593 3 2 0
3.14567 0.880245 0.176369 3 2 0
3.151 0.881195 0.178807 3 2 0
3.1563 0.881518 0.180673 3 2 0
3.16157 0.88175 0.182759 3 2 0
3.16681 0.882602 0.185435 3 2 0
3.17201 0.883357 0.187612 3 2 0
3.17717 0.883974 0.19005 3 2 0
3.18229 0.884404 0.19271 3 2 0
3.18736 0.884685 0.19557 3 2 0
3.19238 0.884864 0.198785 3 2 0
3.19735 0.885448 0.201825 3 2 0
3.20227 0.886028 0.204822 3 2 0
3.20712 0.886458 0.208201 3 2 0
3.2119 0.886746 0.212475 3 2 0
3.21662 0.887047 0.215994 3 2 0
3.22125 0.887205 0.219832 3 2 0
3.22579 0.887518 0.224186 3 2 0
3.23025 0.887738 0.228901 3 2 0
3.23459 0.887795 0.234247 3 2 0
3.23883 0.887023 0.239256 3 2 0
3.24294 0.887266 0.245096 3 2 0
3.24691 0.887389 0.251707 3 2 0
3.25073 0.887348 0.258024 3 2 0
3.2544 0.886938 0.265288 3 2 0
3.25789 0.886338 0.273444 3 2 0
3.26121 0.885495 0.281608 3 2 0
3.26433 0.884976 0.290487 3 2 0
3.26725 0.88419 0.300257 3 2 0
3.26998 0.88318 0.310321 3 2 0
3.27251 0.881846 0.321138 3 2 0
3.27486 0.880259 0.332678 3 2 0
3.27703 0.878436 0.344398 3 2 0
3.27904 0.87637 0.356326 3 2 0
3.28089 0.874023 0.368741 3 2 0
3.28262 0.871032 0.381556 3 2 0
3.28422 0.868147 0.394573 3 2 0
3.28571 0.864973 0.407854 3 2 0
3.28709 0.861515 0.421266 3 2 0
3.28837 0.857665 0.434872 3 2 0
3.28956 0.853414 0.448611 3 2 0
3.29067 0.848711 0.4625 3 2 0
3.29168 0.843469 0.476466 3 2 0
3.29261 0.838066 0.490562 3 2 0
3.29347 0.832061 0.504615 3 2 0
3.29425 0.825716 0.518877 3 2 0
3.29498 0.818806 0.533304 3 2 0
3.29564 0.811372 0.547718 3 2 0
3.29627 0.803461 0.562207 3 2 0
3.29685 0.794911 0.576827 3 2 0
3.2974 0.786066 0.591401 3 2 0
3.29792 0.776495 0.60616 3 2 0
3.29841 0.766383 0.620609 3 2 0
3.29885 0.755917 0.635121 3 2 0
3.29922 0.744837 0.64946 3 2 0
3.29952 0.733249 0.663664 3 2 0
3.29974 0.721144 0.677666 3 2 0
3.29985 0.708423 0.691398 3 2 0
3.29987 0.70139 0.698605 3 2 0
3.29981 0.714272 0.685199 3 2 0
3.29965 0.726764 0.671329 3 2 0
3.2994 0.738688 0.657195 3 2 0
3.29906 0.750019 0.64288 3 2 0
3.29865 0.76086 0.62845 3 2 0
3.29819 0.771159 0.613989 3 2 0
3.29769 0.780922 0.599291 3 2 0
3.29715 0.790214 0.584635 3 2 0
3.29658 0.799041 0.570089 3 2 0
3.29598 0.80722 0.555477 3 2 0
3.29534 0.814877 0.540939 3 2 0
3.29465 0.822092 0.526628 3 2 0
3.2939 0.828711 0.512242 3 2 0
3.29308 0.835021 0.497992 3 2 0
3.29219 0.840635 0.483873 3 2 0
3.29122 0.846036 0.469909 3 2 0
3.29016 0.850973 0.456005 3 2 0
3.28902 0.855419 0.442234 3 2 0
3.28779 0.85942 0.428525 3 2 0
3.28646 0.863274 0.414987 3 2 0
3.28503 0.866742 0.401637 3 2 0
3.28349 0.869376 0.388782 3 2 0
3.28183 0.872206 0.375967 3 2 0
3.28005 0.8747 0.36307 3 2 0
3.27812 0.87665 0.350546 3 2 0
3.27604 0.878485 0.338674 3 2 0
3.27379 0.880069 0.32741 3 2 0
3.27136 0.881896 0.316016 3 2 0
3.26873 0.883318 0.305698 3 2 0
3.26592 0.884534 0.295801 3 2 0
3.2629 0.885716 0.286551 3 2 0
3.25969 0.886451 0.277626 3 2 0
3.25629 0.886968 0.269358 3 2 0
3.25272 0.887104 0.261998 3 2 0
3.24897 0.887069 0.254802 3 2 0
3.24508 0.886793 0.248434 3 2 0
3.24104 0.887724 0.242323 3 2 0
3.23687 0.887513 0.236716 3 2 0
3.23258 0.887101 0.231776 3 2 0
3.22818 0.887027 0.226759 3 2 0
3.22369 0.887106 0.222598 3 2 0
3.2191 0.887055 0.218031 3 2 0
3.21443 0.886858 0.213917 3 2 0
3.20968 0.886583 0.21012 3 2 0
3.20487 0.886166 0.20676 3 2 0
3.19998 0.885848 0.2038 3 2 0
3.19504 0.885271 0.200226 3 2 0
3.19005 0.884539 0.197052 3 2 0
3.185 0.884389 0.194393 3 2 0
3.1799 0.884128 0.192009 3 2 0
3.17476 0.88376 0.189547 3 2 0
3.16959 0.883285 0.186887 3 2 0
3.16437 0.882694 0.184148 3 2 0
3.15912 0.881973 0.181703 3 2 0
3.15383 0.881235 0.179888 3 2 0
3.14851 0.880923 0.17749 3 2 0
3.14317 0.880518 0.175345 3 2 0
3.1378 0.880013 0.173766 3 2 0
3.1324 0.879401 0.171601 3 2 0
3.12698 0.878673 0.16966 3 2 0
3.12154 0.87782 0.168427 3 2 0
3.11608 0.876833 0.167112 3 2 0
3.1106 0.875701 0.165339 3 2 0
3.10511 0.874898 0.163317 3 2 0
3.0996 0.874613 0.161489 3 2 0
3.09407 0.874255 0.159845 3 2 0
3.08852 0.873977 0.158379 3 2 0
3.08297 0.873372 0.15708 3 2 0
3.0774 0.872669 0.155917 3 2 0
3.07182 0.871754 0.154174 3 2 0
3.06623 0.870756 0.152868 3 2 0
3.06063 0.869624 0.151697 3 2 0
3.05503 0.868767 0.150278 3 2 0
3.04941 0.868207 0.149151 3 2 0
3.04379 0.86756 0.148143 3 2 0
3.03817 0.866835 0.146783 3 2 0
3.03254 0.865824 0.145808 3 2 0
3.0269 0.864686 0.14494 3 2 0
3.02126 0.863775 0.143467 3 2 0
3.01562 0.86306 0.142278 3 2 0
3.00998 0.862249 0.141218 3 2 0
3.00433 0.861334 0.140186 3 2 0
2.99869 0.860276 0.139142 3 2 0
2.99304 0.85909 0.138215 3 2 0
2.9874 0.857598 0.137492 3 2 0
2.98176 0.856836 0.136809 3 2 0
2.97612 0.855977 0.136212 3 2 0
2.97048 0.855056 0.135257 3 2 0
2.96484 0.853903 0.134001 3 2 0
2.95921 0.852614 0.132883 3 2 0
2.95359 0.850106 0.131819 3 2 0
2.94797 0.848382 0.130977 3 2 0
2.94236 0.84766 0.13024 3 2 0
2.93676 0.847331 0.12949 3 2 0
2.93116 0.846287 0.128858 3 2 0
2.92558 0.845121 0.128316 3 2 0
2.92001 0.843827 0.127419 3 2 0
2.91444 0.842305 0.126929 3 2 0
2.90889 0.840612 0.125895 3 2 0
2.90336 0.839473 0.125045 3 2 0
2.89784 0.837848 0.124535 3 2 0
2.89233 0.836037 0.12403 3 2 0
2.88684 0.833629 0.122918 3 2 0
2.88137 0.831875 0.122411 3 2 0
2.87592 0.83058 0.121994 3 2 0
2.87049 0.829385 0.120958 3 2 0
2.86508 0.827237 0.120298 3 2 0
2.85969 0.824841 0.11975 3 2 0
2.85433 0.823701 0.119229 3 2 0
2.849 0.821642 0.118589 3 2 0
2.8437 0.819343 0.118064 3 2 0
2.83843 0.816976 0.117966 3 2 0
2.83319 0.814859 0.117406 3 2 0
2.82799 0.812488 0.116646 3 2 0
2.82283 0.809824 0.11599 3 2 0
2.81772 0.806837 0.115562 3 2 0
2.81264 0.803874 0.115249 3 2 0
2.80762 0.801556 0.114701 3 2 0
2.80265 0.798285 0.114436 3 2 0
2.79773 0.7946 0.114286 3 2 0
2.79288 0.791515 0.113674 3 2 0
2.7881 0.788126 0.113243 3 2 0
2.78338 0.784296 0.11296 3 2 0
2.77875 0.779841 0.113416 3 2 0
2.77421 0.775303 0.112819 3 2 0
2.76976 0.771012 0.112412 3 2 0
2.76541 0.765976 0.112367 3 2 0
2.76118 0.760759 0.112295 3 2 0
2.75707 0.754839 0.112395 3 2 0
2.75309 0.74822 0.112437 3 2 0
2.74927 0.741775 0.112721 3 2 0
2.7456 0.734745 0.113189 3 2 0
2.74211 0.726925 0.113875 3 2 0
2.73879 0.718264 0.114232 3 2 0
2.73567 0.708926 0.114843 3 2 0
2.73275 0.699738 0.11588 3 2 0
2.73002 0.689107 0.1169 3 2 0
2.72749 0.678735 0.118186 3 2 0
2.72514 0.667479 0.119777 3 2 0
2.72297 0.655409 0.121568 3 2 0
2.72097 0.643556 0.123633 3 2 0
2.71911 0.631057 0.126062 3 2 0
2.71738 0.618412 0.128704 3 2 0
2.71578 0.605426 0.131666 3 2 0
2.71429 0.591982 0.135123 3 2 0
2.71291 0.578439 0.1387 3 2 0
2.71163 0.564824 0.142488 3 2 0
2.71044 0.551309 0.14659 3 2 0
2.70934 0.537461 0.15128 3 2 0
2.70832 0.523529 0.156505 3 2 0
2.70739 0.509495 0.161901 3 2 0
2.70653 0.495379 0.167975 3 2 0
2.70575 0.481134 0.174234 3 2 0
2.70502 0.466687 0.181384 3 2 0
2.70436 0.452333 0.188949 3 2 0
2.70374 0.437735 0.196483 3 2 0
2.70315 0.42322 0.205063 3 2 0
2.7026 0.408536 0.213981 3 2 0
2.70208 0.393954 0.223435 3 2 0
2.70159 0.379405 0.233481 3 2 0
2.70115 0.364917 0.244071 3 2 0
2.70078 0.350539 0.255158 3 2 0
2.70048 0.336337 0.266751 3 2 0
2.70026 0.322331 0.278887 3 2 0
2.70015 0.308614 0.291583 3 2 0
2.70013 0.3014 0.298605 3 2 0
2.70019 0.314805 0.285713 3 2 0
2.70035 0.328664 0.27325 3 2 0
2.7006 0.342831 0.261306 3 2 0
2.70094 0.357133 0.249966 3 2 0
2.70135 0.371575 0.239166 3 2 0
2.70181 0.386036 0.228832 3 2 0
2.70231 0.400717 0.219025 3 2 0
2.70285 0.415356 0.209783 3 2 0
2.70342 0.429996 0.200965 3 2 0
2.70402 0.44443 0.192753 3 2 0
2.70466 0.45906 0.185158 3 2 0
2.70535 0.47346 0.178139 3 2 0
2.7061 0.487799 0.171189 3 2 0
2.70692 0.501987 0.165046 3 2 0
2.70781 0.516102 0.159286 3 2 0
2.70878 0.530128 0.153919 3 2 0
2.70984 0.544033 0.149102 3 2 0
2.71098 0.557759 0.144723 3 2 0
2.71221 0.571374 0.140483 3 2 0
2.71354 0.584804 0.136666 3 2 0
2.71497 0.598213 0.133603 3 2 0
2.71651 0.611212 0.130432 3 2 0
2.71817 0.62398 0.12761 3 2 0
2.71995 0.636874 0.125333 3 2 0
2.72188 0.648906 0.123164 3 2 0
2.72396 0.661103 0.121312 3 2 0
2.72621 0.672713 0.119804 3 2 0
2.72864 0.683975 0.118169 3 2 0
2.73127 0.694476 0.11674 3 2 0
2.73409 0.704266 0.115329 3 2 0
2.7371 0.713783 0.11435 3 2 0
2.74031 0.722397 0.113584 3 2 0
2.74371 0.730606 0.113137 3 2 0
2.74729 0.737857 0.112972 3 2 0
2.75103 0.744964 0.113048 3 2 0
2.75492 0.75166 0.112284 3 2 0
2.75896 0.757682 0.112351 3 2 0
2.76313 0.762989 0.112621 3 2 0
2.76742 0.768141 0.113091 3 2 0
2.77182 0.773107 0.112905 3 2 0
2.77631 0.777889 0.112848 3 2 0
2.7809 0.782056 0.112972 3 2 0
2.78557 0.78614 0.113134 3 2 0
2.79032 0.78975 0.113435 3 2 0
2.79514 0.793419 0.113725 3 2 0
2.80002 0.796731 0.114168 3 2 0
2.80496 0.79967 0.114758 3 2 0
2.80996 0.802926 0.115426 3 2 0
2.815 0.805795 0.115591 3 2 0
2.8201 0.808349 0.11586 3 2 0
2.82524 0.81091 0.116243 3 2 0
2.83042 0.813606 0.116718 3 2 0
2.83563 0.816011 0.117314 3 2 0
2.84089 0.817883 0.118011 3 2 0
2.84617 0.820382 0.11877 3 2 0
2.85149 0.822618 0.11908 3 2 0
2.85683 0.824336 0.119483 3 2 0
2.8622 0.82654 0.119988 3 2 0
2.8676 0.828515 0.120599 3 2 0
2.87302 0.829269 0.121328 3 2 0
2.87846 0.831553 0.122181 3 2 0
2.88392 0.833604 0.12317 3 2 0
2.8894 0.834068 0.124305 3 2 0
2.8949 0.836287 0.125316 3 2 0
2.90041 0.83828 0.125575 3 2 0
2.90594 0.83952 0.125503 3 2 0
2.91149 0.841353 0.126018 3 2 0
2.91704 0.842999 0.126625 3 2 0
2.92261 0.844423 0.127417 3 2 0
2.92819 0.845625 0.128336 3 2 0
2.93378 0.846701 0.129382 3 2 0
2.93937 0.847624 0.130722 3 2 0
2.94498 0.849206 0.131207 3 2 0
2.95059 0.850735 0.131773 3 2 0
2.95621 0.851947 0.132298 3 2 0
2.96184 0.852891 0.13314 3 2 0
2.96747 0.853733 0.134096 3 2 0
2.97311 0.85476 0.135509 3 2 0
2.97874 0.856003 0.136463 3 2 0
2.98439 0.857413 0.137119 3 2 0
2.99003 0.858818 0.137743 3 2 0
2.99567 0.859742 0.138666 3 2 0
3.00132 0.860562 0.139705 3 2 0
3.00697 0.861226 0.141084 3 2 0
3.01261 0.861848 0.142388 3 2 0
3.01825 0.862733 0.143154 3 2 0
3.02389 0.863603 0.14389 3 2 0
3.02953 0.864944 0.144942 3 2 0
3.03517 0.866139 0.146119 3 2 0
3.0408 0.866488 0.148134 3 2 0
3.04642 0.867073 0.148973 3 2 0
3.05204 0.868353 0.149916 3 2 0
3.05765 0.869802 0.1509 3 2 0
3.06325 0.870559 0.152122 3 2 0
3.06884 0.871216 0.153487 3 2 0
3.07443 0.872094 0.155379 3 2 0
3.08 0.872908 0.156469 3 2 0
3.08556 0.873615 0.157684 3 2 0
3.09111 0.87434 0.159089 3 2 0
3.09665 0.874929 0.160526 3 2 0
3.10217 0.875426 0.162128 3 2 0
3.10768 0.876311 0.16387 3 2 0
3.11317 0.877116 0.165832 3 2 0
3.11864 0.877806 0.168016 3 2 0
3.12409 0.877385 0.168696 3 2 0
3.12952 0.877768 0.170519 3 2 0
3.13493 0.878897 0.172552 3 2 0
3.14032 0.880212 0.174615 3 2 0
3.14567 0.880853 0.177031 3 2 0
3.15101 0.881381 0.179012 3 2 0
3.15631 0.881731 0.18053 3 2 0
3.16158 0.882442 0.182941 3 2 0
3.16681 0.883025 0.185637 3 2 0
3.17201 0.883024 0.188248 3 2 0
3.17717 0.883719 0.190647 3 2 0
3.18229 0.884385 0.192952 3 2 0
3.18737 0.884692 0.196067 3 2 0
3.19239 0.885284 0.198643 3 2 0
3.19736 0.885737 0.201539 3 2 0
3.20228 0.885161 0.205437 3 2 0
3.20713 0.885946 0.20871 3 2 0
3.21191 0.886557 0.21199 3 2 0
3.21662 0.887129 0.21582 3 2 0
3.22126 0.887212 0.220326 3 2 0
3.2258 0.887165 0.224673 3 2 0
3.23025 0.887514 0.228873 3 2 0
3.2346 0.887442 0.233931 3 2 0
3.23883 0.887225 0.239667 3 2 0
3.24294 0.887738 0.245744 3 2 0
3.24692 0.88745 0.251497 3 2 0
3.25074 0.886996 0.258014 3 2 0
3.25441 0.886974 0.265399 3 2 0
3.2579 0.886404 0.273688 3 2 0
3.26121 0.885638 0.281751 3 2 0
3.26433 0.884753 0.290512 3 2 0
3.26726 0.883936 0.300338 3 2 0
3.26998 0.88297 0.31099 3 2 0
3.27252 0.881689 0.321116 3 2 0
3.27486 0.880184 0.332582 3 2 0
3.27703 0.878403 0.344678 3 2 0
3.27904 0.876246 0.356377 3 2 0
3.2809 0.87391 0.369085 3 2 0
3.28262 0.871268 0.38192 3 2 0
3.28422 0.868067 0.394862 3 2 0
3.28571 0.864902 0.407985 3 2 0
3.28709 0.861425 0.421347 3 2 0
3.28838 0.857686 0.435229 3 2 0
3.28957 0.853314 0.448926 3 2 0
3.29067 0.848447 0.462738 3 2 0
3.29168 0.843624 0.476769 3 2 0
3.29261 0.837933 0.490727 3 2 0
3.29347 0.83213 0.50477 3 2 0
3.29425 0.825619 0.519125 3 2 0
3.29498 0.818837 0.533379 3 2 0
3.29564 0.811112 0.547703 3 2 0
3.29627 0.803449 0.562248 3 2 0
3.29685 0.795024 0.576843 3 2 0
3.2974 0.785851 0.591425 3 2 0
3.29792 0.776427 0.606062 3 2 0
3.29841 0.766482 0.620619 3 2 0
3.29885 0.755953 0.635112 3 2 0
3.29922 0.744881 0.649491 3 2 0
3.29952 0.733281 0.663698 3 2 0
3.29974 0.72112 0.677706 3 2 0
3.29985 0.708401 0.691419 3 2 0
3.29987 0.701382 0.698614 3 2 0
3.29981 0.71427 0.685211 3 2 0
3.29965 0.726754 0.671323 3 2 0
3.2994 0.738637 0.657232 3 2 0
3.29906 0.750009 0.642961 3 2 0
3.29865 0.76089 0.628439 3 2 0
3.29819 0.771162 0.6139 3 2 0
3.29769 0.780982 0.59942 3 2 0
3.29715 0.790186 0.584718 3 2 0
3.29658 0.799022 0.570015 3 2 0
3.29598 0.807244 0.55553 3 2 0
3.29534 0.814932 0.541093 3 2 0
3.29465 0.821951 0.526562 3 2 0
3.2939 0.828815 0.512216 3 2 0
3.29308 0.83494 0.49808 3 2 0
3.29219 0.840765 0.483924 3 2 0
3.29122 0.845972 0.469896 3 2 0
3.29016 0.850875 0.456009 3 2 0
3.28902 0.855457 0.442237 3 2 0
3.28779 0.859586 0.428617 3 2 0
3.28646 0.863182 0.415076 3 2 0
3.28503 0.866674 0.40182 3 2 0
3.28349 0.86981 0.388829 3 2 0
3.28183 0.872178 0.375692 3 2 0
3.28005 0.874672 0.363249 3 2 0
3.27812 0.876841 0.350887 3 2 0
3.27604 0.878341 0.33868 3 2 0
3.27379 0.880184 0.327415 3 2 0
3.27136 0.881819 0.316195 3 2 0
3.26874 0.883448 0.305518 3 2 0
3.26592 0.884644 0.295617 3 2 0
3.2629 0.885629 0.286589 3 2 0
3.25969 0.886471 0.277531 3 2 0
3.25629 0.886956 0.269695 3 2 0
3.25272 0.887217 0.261964 3 2 0
3.24898 0.887511 0.254808 3 2 0
3.24508 0.887473 0.248511 3 2 0
3.24104 0.887216 0.242581 3 2 0
3.23687 0.887539 0.23669 3 2 0
3.23258 0.88714 0.231585 3 2 0
3.22819 0.886935 0.227089 3 2 0
3.22369 0.886935 0.222373 3 2 0
3.2191 0.88695 0.218369 3 2 0
3.21443 0.886838 0.213986 3 2 0
3.20969 0.886588 0.210249 3 2 0
3.20487 0.886262 0.207051 3 2 0
3.19999 0.885795 0.20364 3 2 0
3.19505 0.885266 0.200181 3 2 0
3.19005 0.884534 0.197049 3 2 0
3.185 0.88436 0.194264 3 2 0
3.17991 0.884108 0.191585 3 2 0
3.17477 0.883752 0.189263 3 2 0
3.16959 0.883283 0.187094 3 2 0
3.16437 0.882714 0.184488 3 2 0
3.15912 0.882011 0.181857 3 2 0
3.15383 0.881193 0.179506 3 2 0
3.14852 0.880892 0.17771 3 2 0
3.14317 0.880499 0.175426 3 2 0
3.1378 0.880006 0.173381 3 2 0
3.1324 0.879408 0.171939 3 2 0
3.12699 0.878696 0.16981 3 2 0
3.12154 0.87786 0.167901 3 2 0
3.11608 0.876892 0.16627 3 2 0
3.1106 0.87578 0.164834 3 2 0
3.10511 0.874512 0.163546 3 2 0
3.09959 0.874639 0.161366 3 2 0
3.09406 0.87427 0.159836 3 2 0
3.08852 0.873822 0.158464 3 2 0
3.08296 0.873371 0.156902 3 2 0
3.0774 0.872658 0.155535 3 2 0
3.07182 0.871835 0.154311 3 2 0
3.06623 0.870608 0.15292 3 2 0
3.06063 0.869423 0.151807 3 2 0
3.05502 0.868592 0.150812 3 2 0
3.04941 0.868374 0.149348 3 2 0
3.04379 0.867668 0.148427 3 2 0
3.03817 0.866863 0.147607 3 2 0
3.03253 0.865801 0.145567 3 2 0
3.0269 0.864648 0.144539 3 2 0
3.02126 0.863354 0.143623 3 2 0
3.01562 0.863015 0.143068 3 2 0
3.00998 0.862223 0.141638 3 2 0
3.00433 0.861329 0.140359 3 2 0
2.99869 0.860281 0.139178 3 2 0
2.99304 0.859102 0.138329 3 2 0
2.9874 0.857783 0.137579 3 2 0
2.98175 0.85689 0.136907 3 2 0
2.97611 0.856014 0.13633 3 2 0
2.97048 0.85503 0.135414 3 2 0
2.96484 0.853891 0.134274 3 2 0
2.95921 0.852771 0.133064 3 2 0
2.95359 0.851518 0.131989 3 2 0
2.94797 0.849922 0.131605 3 2 0
2.94236 0.848933 0.130812 3 2 0
2.93676 0.847826 0.129701 3 2 0
2.93116 0.846468 0.128717 3 2 0
2.92558 0.844928 0.12811 3 2 0
2.92001 0.843213 0.127591 3 2 0
2.91444 0.84227 0.126781 3 2 0
2.90889 0.840945 0.126061 3 2 0
2.90336 0.839468 0.125091 3 2 0
2.89784 0.837531 0.124311 3 2 0
2.89233 0.835513 0.12353 3 2 0
2.88684 0.833711 0.122861 3 2 0
2.88137 0.83262 0.1222 3 2 0
2.87592 0.831132 0.121629 3 2 0
2.87049 0.829474 0.121157 3 2 0
2.86508 0.82741 0.120368 3 2 0
2.85969 0.82567 0.119923 3 2 0
2.85433 0.823726 0.119379 3 2 0
2.849 0.821067 0.118864 3 2 0
2.8437 0.819132 0.118563 3 2 0
2.83843 0.817144 0.118255 3 2 0
2.83319 0.814554 0.117008 3 2 0
2.82799 0.811634 0.116623 3 2 0
2.82283 0.809366 0.116342 3 2 0
2.81772 0.807216 0.115559 3 2 0
2.81264 0.8045 0.115239 3 2 0
2.80762 0.801449 0.115028 3 2 0
2.80265 0.798079 0.11444 3 2 0
2.79773 0.79425 0.114237 3 2 0
2.79288 0.791224 0.113668 3 2 0
2.7881 0.788158 0.113652 3 2 0
2.78338 0.784092 0.11311 3 2 0
2.77875 0.779492 0.112734 3 2 0
2.77421 0.775438 0.113167 3 2 0
2.76976 0.770685 0.112637 3 2 0
2.76541 0.766035 0.112303 3 2 0
2.76117 0.76038 0.112367 3 2 0
2.75707 0.754911 0.112559 3 2 0
2.75309 0.748709 0.11291 3 2 0
2.74927 0.74198 0.112673 3 2 0
2.7456 0.734696 0.112974 3 2 0
2.74211 0.726518 0.11348 3 2 0
2.73879 0.718134 0.114078 3 2 0
2.73567 0.709225 0.114766 3 2 0
2.73275 0.699865 0.115693 3 2 0
2.73002 0.68935 0.116837 3 2 0
2.72749 0.678859 0.118226 3 2 0
2.72514 0.667637 0.119855 3 2 0
2.72297 0.655888 0.121708 3 2 0
2.72096 0.643609 0.123749 3 2 0
2.71911 0.630877 0.126085 3 2 0
2.71738 0.618244 0.128928 3 2 0
2.71578 0.605013 0.131817 3 2 0
2.71429 0.591931 0.134995 3 2 0
2.71291 0.578695 0.138373 3 2 0
2.71163 0.565066 0.142295 3 2 0
2.71044 0.551316 0.14664 3 2 0
2.70933 0.537442 0.151373 3 2 0
2.70832 0.523477 0.156519 3 2 0
2.70739 0.509376 0.16187 3 2 0
2.70653 0.495344 0.167817 3 2 0
2.70575 0.481127 0.174455 3 2 0
2.70502 0.466749 0.181656 3 2 0
2.70436 0.45228 0.188665 3 2 0
2.70374 0.437796 0.196627 3 2 0
2.70315 0.42317 0.20497 3 2 0
2.7026 0.408601 0.213963 3 2 0
2.70208 0.393849 0.223551 3 2 0
2.70159 0.379391 0.233563 3 2 0
2.70115 0.364889 0.244101 3 2 0
2.70078 0.350545 0.255179 3 2 0
2.70048 0.33634 0.266759 3 2 0
2.70026 0.322333 0.278863 3 2 0
2.70015 0.308606 0.291581 3 2 0
2.70013 0.301402 0.298603 3 2 0
2.70019 0.314819 0.285716 3 2 0
2.70035 0.328694 0.273227 3 2 0
2.7006 0.342824 0.261304 3 2 0
2.70094 0.357113 0.249963 3 2 0
2.70135 0.371531 0.239123 3 2 0
2.70181 0.386048 0.22882 3 2 0
2.70231 0.400673 0.219053 3 2 0
2.70285 0.415384 0.209802 3 2 0
2.70342 0.429833 0.200962 3 2 0
2.70402 0.444568 0.192768 3 2 0
2.70466 0.458916 0.185128 3 2 0
2.70535 0.473429 0.177901 3 2 0
2.7061 0.487747 0.171282 3 2 0
2.70692 0.502008 0.164976 3 2 0
2.70781 0.516135 0.159366 3 2 0
2.70878 0.530007 0.153954 3 2 0
2.70984 0.543907 0.149026 3 2 0
2.71098 0.557661 0.144588 3 2 0
2.71221 0.571415 0.14055 3 2 0
2.71354 0.584981 0.136706 3 2 0
2.71497 0.598371 0.133244 3 2 0
2.71651 0.611136 0.130549 3 2 0
2.71817 0.624131 0.127721 3 2 0
2.71995 0.636995 0.125227 3 2 0
2.72188 0.649448 0.123311 3 2 0
2.72396 0.661272 0.121473 3 2 0
2.72621 0.672484 0.119955 3 2 0
2.72864 0.68376 0.118152 3 2 0
2.73127 0.694274 0.116724 3 2 0
2.73409 0.704434 0.115501 3 2 0
2.7371 0.713545 0.114328 3 2 0
2.74031 0.722507 0.113569 3 2 0
2.74371 0.730559 0.113024 3 2 0
2.74729 0.737991 0.11291 3 2 0
2.75103 0.7452 0.112958 3 2 0
2.75493 0.751581 0.113249 3 2 0
2.75896 0.757723 0.112245 3 2 0
2.76313 0.763175 0.112428 3 2 0
2.76742 0.768053 0.112809 3 2 0
2.77182 0.773359 0.112991 3 2 0
2.77631 0.777677 0.112907 3 2 0
2.7809 0.781661 0.112954 3 2 0
2.78557 0.785923 0.113161 3 2 0
2.79032 0.78988 0.113411 3 2 0
2.79514 0.793383 0.113802 3 2 0
2.80002 0.796235 0.114122 3 2 0
2.80496 0.799191 0.114669 3 2 0
2.80996 0.802677 0.115367 3 2 0
2.815 0.80573 0.115657 3 2 0
2.8201 0.808551 0.115902 3 2 0
2.82524 0.811063 0.116252 3 2 0
2.83042 0.813206 0.116712 3 2 0
2.83563 0.81517 0.117285 3 2 0
2.84089 0.817589 0.117985 3 2 0
2.84617 0.819795 0.118795 3 2 0
2.85149 0.822326 0.11912 3 2 0
2.85683 0.824592 0.119509 3 2 0
2.8622 0.826216 0.119997 3 2 0
2.8676 0.82839 0.120591 3 2 0
2.87302 0.830339 0.121299 3 2 0
2.87846 0.831438 0.122131 3 2 0
2.88392 0.832722 0.123096 3 2 0
2.8894 0.834829 0.124206 3 2 0
2.8949 0.83703 0.125258 3 2 0
2.90041 0.838421 0.125525 3 2 0
2.90594 0.839669 0.125862 3 2 0
2.91148 0.841668 0.126089 3 2 0
2.91704 0.843059 0.126662 3 2 0
2.92261 0.844305 0.127332 3 2 0
2.92819 0.845745 0.128238 3 2 0
2.93378 0.847156 0.129227 3 2 0
2.93937 0.848421 0.130351 3 2 0
2.94498 0.849375 0.131281 3 2 0
2.95059 0.850309 0.13183 3 2 0
2.95621 0.851382 0.132465 3 2 0
2.96184 0.852641 0.133147 3 2 0
2.96747 0.854127 0.134127 3 2 0
2.9731 0.855458 0.135232 3 2 0
2.97874 0.856033 0.136345 3 2 0
2.98438 0.857433 0.137028 3 2 0
2.99003 0.858687 0.137803 3 2 0
2.99567 0.859853 0.138667 3 2 0
3.00132 0.860842 0.139698 3 2 0
3.00696 0.86172 0.140854 3 2 0
3.01261 0.8624 0.142414 3 2 0
3.01825 0.863052 0.143202 3 2 0
3.02389 0.863622 0.14405 3 2 0
3.02953 0.864436 0.144953 3 2 0
3.03516 0.865777 0.146086 3 2 0
3.04079 0.866971 0.147352 3 2 0
3.04642 0.868186 0.149384 3 2 0
3.05204 0.869024 0.151188 3 2 0
3.05765 0.869758 0.15269 3 2 0
3.06325 0.870497 0.152777 3 2 0
3.06884 0.871374 0.153793 3 2 0
3.07443 0.872139 0.154927 3 2 0
3.08 0.872883 0.156195 3 2 0
3.08556 0.873515 0.157581 3 2 0
3.09111 0.874054 0.159125 3 2 0
3.09665 0.875093 0.160602 3 2 0
3.10217 0.875763 0.162065 3 2 0
3.10768 0.876333 0.163696 3 2 0
3.11317 0.877149 0.165494 3 2 0
3.11864 0.877761 0.167505 3 2 0
3.12409 0.878272 0.169745 3 2 0
3.12952 0.878794 0.170512 3 2 0
3.13493 0.879606 0.172526 3 2 0
3.14031 0.880292 0.174773 3 2 0
3.14567 0.88063 0.176567 3 2 0
3.151 0.88136 0.178425 3 2 0
3.15631 0.881967 0.180498 3 2 0
3.16158 0.882125 0.18279 3 2 0
3.16681 0.882488 0.185336 3 2 0
3.17201 0.883288 0.188187 3 2 0
3.17717 0.883951 0.190409 3 2 0
3.18229 0.884263 0.192809 3 2 0
3.18736 0.884469 0.195503 3 2 0
3.19239 0.884952 0.198499 3 2 0
3.19736 0.885459 0.201518 3 2 0
3.20227 0.886027 0.204919 3 2 0
3.20713 0.885576 0.209072 3 2 0
3.21191 0.88631 0.212218 3 2 0
3.21662 0.886867 0.215775 3 2 0
3.22125 0.887414 0.220443 3 2 0
3.2258 0.887544 0.224389 3 2 0
3.23025 0.887529 0.228864 3 2 0
3.2346 0.887333 0.233892 3 2 0
3.23883 0.887589 0.239294 3 2 0
3.24294 0.887653 0.245417 3 2 0
3.24691 0.887074 0.251313 3 2 0
3.25074 0.887168 0.258364 3 2 0
3.2544 0.88703 0.26568 3 2 0
3.2579 0.885885 0.273215 3 2 0
3.26121 0.885592 0.28148 3 2 0
3.26433 0.885034 0.290648 3 2 0
3.26725 0.884251 0.300239 3 2 0
3.26998 0.883173 0.310324 3 2 0
3.27251 0.881842 0.321208 3 2 0
3.27486 0.880085 0.332371 3 2 0
3.27703 0.878206 0.34416 3 2 0
3.27904 0.876088 0.356497 3 2 0
3.2809 0.874005 0.36876 3 2 0
3.28262 0.871373 0.381639 3 2 0
3.28422 0.868448 0.394822 3 2 0
3.28571 0.865201 0.407922 3 2 0
3.28709 0.861587 0.421302 3 2 0
3.28837 0.857577 0.43487 3 2 0
3.28957 0.853191 0.448628 3 2 0
3.29067 0.848666 0.462466 3 2 0
3.29168 0.843648 0.476431 3 2 0
3.29261 0.838084 0.49047 3 2 0
3.29347 0.831944 0.50467 3 2 0
3.29425 0.825747 0.519015 3 2 0
3.29498 0.818722 0.533269 3 2 0
3.29564 0.811435 0.547856 3 2 0
3.29627 0.803278 0.562215 3 2 0
3.29685 0.794943 0.576838 3 2 0
3.2974 0.786067 0.591409 3 2 0
3.29792 0.776483 0.606148 3 2 0
3.29841 0.766503 0.620606 3 2 0
3.29885 0.755906 0.635097 3 2 0
3.29922 0.744815 0.649474 3 2 0
3.29952 0.733227 0.663681 3 2 0
3.29974 0.721094 0.677682 3 2 0
3.29985 0.7084 0.691402 3 2 0
3.29987 0.701394 0.698601 3 2 0
3.29981 0.714286 0.685198 3 2 0
3.29965 0.726749 0.671343 3 2 0
3.2994 0.738692 0.657179 3 2 0
3.29906 0.750024 0.642875 3 2 0
3.29865 0.76085 0.628453 3 2 0
3.29819 0.771185 0.613957 3 2 0
3.29769 0.780992 0.59929 3 2 0
3.29715 0.790239 0.584637 3 2 0
3.29658 0.79902 0.57 3 2 0
3.29598 0.807259 0.55559 3 2 0
3.29534 0.814808 0.540956 3 2 0
3.29465 0.82191 0.526533 3 2 0
3.2939 0.828818 0.512206 3 2 0
3.29308 0.834927 0.498028 3 2 0
3.29219 0.840728 0.483917 3 2 0
3.29122 0.846077 0.469888 3 2 0
3.29016 0.850879 0.455983 3 2 0
3.28902 0.855344 0.442336 3 2 0
3.28779 0.859556 0.428744 3 2 0
3.28646 0.863352 0.415289 3 2 0
3.28503 0.866487 0.401757 3 2 0
3.28349 0.869649 0.388744 3 2 0
3.28183 0.872468 0.376056 3 2 0
3.28005 0.874776 0.363276 3 2 0
3.27812 0.876952 0.351064 3 2 0
3.27604 0.878817 0.338774 3 2 0
3.27379 0.880068 0.327204 3 2 0
3.27136 0.881711 0.316412 3 2 0
3.26873 0.883152 0.305571 3 2 0
3.26591 0.884663 0.295564 3 2 0
3.2629 0.885645 0.286441 3 2 0
3.25969 0.886416 0.277687 3 2 0
3.25629 0.886921 0.269759 3 2 0
3.25271 0.887128 0.261992 3 2 0
3.24897 0.8871 0.2548 3 2 0
3.24508 0.887737 0.248387 3 2 0
3.24104 0.887703 0.242289 3 2 0
3.23687 0.88747 0.236915 3 2 0
3.23258 0.886832 0.231847 3 2 0
3.22818 0.887033 0.226674 3 2 0
3.22369 0.887108 0.222113 3 2 0
3.2191 0.88699 0.218037 3 2 0
3.21443 0.886851 0.213865 3 2 0
3.20968 0.886576 0.210178 3 2 0
3.20486 0.886275 0.207231 3 2 0
3.19998 0.885844 0.203436 3 2 0
3.19504 0.885268 0.20007 3 2 0
3.19005 0.884517 0.197115 3 2 0
3.185 0.884332 0.194498 3 2 0
3.1799 0.88409 0.192169 3 2 0
3.17476 0.883729 0.18972 3 2 0
3.16959 0.883288 0.186734 3 2 0
3.16437 0.882729 0.184069 3 2 0
3.15912 0.882059 0.182236 3 2 0
3.15383 0.881247 0.179683 3 2 0
3.14851 0.880839 0.1774 3 2 0
3.14317 0.880464 0.175551 3 2 0
3.1378 0.879991 0.17341 3 2 0
3.1324 0.879415 0.171493 3 2 0
3.12698 0.878726 0.17017 3 2 0
3.12154 0.877917 0.168078 3 2 0
3.11608 0.876977 0.166201 3 2 0
3.1106 0.875896 0.164516 3 2 0
3.1051 0.874663 0.162879 3 2 0
3.09959 0.874135 0.161411 3 2 0
3.09406 0.874331 0.160156 3 2 0
3.08851 0.873862 0.158451 3 2 0
3.08296 0.873307 0.15692 3 2 0
3.07739 0.872619 0.156174 3 2 0
3.07181 0.871748 0.154665 3 2 0
3.06622 0.870755 0.153039 3 2 0
3.06063 0.869337 0.151618 3 2 0
3.05502 0.868775 0.150523 3 2 0
3.04941 0.868214 0.149544 3 2 0
3.04379 0.867669 0.148742 3 2 0
3.03816 0.866864 0.147152 3 2 0
3.03253 0.86595 0.145725 3 2 0
3.02689 0.864736 0.144401 3 2 0
3.02126 0.86348 0.143401 3 2 0
3.01561 0.862619 0.142512 3 2 0
3.00997 0.862177 0.141381 3 2 0
3.00433 0.861312 0.140588 3 2 0
2.99868 0.860338 0.139887 3 2 0
2.99303 0.859017 0.139338 3 2 0
2.98739 0.857656 0.138024 3 2 0
2.98175 0.856755 0.136711 3 2 0
2.97611 0.856042 0.13655 3 2 0
2.97047 0.855041 0.13517 3 2 0
2.96483 0.85392 0.133939 3 2 0
2.9592 0.852499 0.133526 3 2 0
2.95358 0.850984 0.132951 3 2 0
2.94796 0.849297 0.131662 3 2 0
2.94235 0.849097 0.130683 3 2 0
2.93675 0.847676 0.129804 3 2 0
2.93116 0.846091 0.128781 3 2 0
2.92557 0.845147 0.128227 3 2 0
2.92 0.843589 0.127237 3 2 0
2.91444 0.841854 0.126371 3 2 0
2.90889 0.840656 0.125785 3 2 0
2.90335 0.839365 0.125282 3 2 0
2.89783 0.837927 0.12447 3 2 0
2.89232 0.836342 0.123527 3 2 0
2.88683 0.834814 0.122882 3 2 0
2.88136 0.833113 0.122338 3 2 0
2.87591 0.830604 0.12163 3 2 0
2.87048 0.829152 0.121172 3 2 0
2.86507 0.827536 0.120608 3 2 0
2.85969 0.825691 0.11974 3 2 0
2.85433 0.823523 0.119337 3 2 0
2.84899 0.821102 0.119025 3 2 0
2.84369 0.81881 0.118513 3 2 0
2.83842 0.816933 0.118164 3 2 0
2.83319 0.814835 0.117306 3 2 0
2.82799 0.811843 0.116544 3 2 0
2.82283 0.809668 0.116219 3 2 0
2.81771 0.80723 0.115996 3 2 0
2.81264 0.803657 0.115183 3 2 0
2.80761 0.801145 0.114943 3 2 0
2.80264 0.798365 0.114682 3 2 0
2.79773 0.795061 0.113902 3 2 0
2.79287 0.791792 0.113641 3 2 0
2.78809 0.788101 0.113505 3 2 0
2.78338 0.783941 0.11295 3 2 0
2.77874 0.779668 0.112745 3 2 0
2.7742 0.775675 0.112681 3 2 0
2.76975 0.771081 0.112705 3 2 0
2.7654 0.766118 0.112877 3 2 0
2.76117 0.760488 0.112857 3 2 0
2.75706 0.754959 0.112493 3 2 0
2.75309 0.748554 0.112822 3 2 0
2.74926 0.741317 0.113311 3 2 0
2.74559 0.734595 0.113046 3 2 0
2.7421 0.726294 0.113427 3 2 0
2.73879 0.718305 0.114027 3 2 0
2.73567 0.709307 0.114977 3 2 0
2.73274 0.69936 0.11578 3 2 0
2.73002 0.689531 0.116843 3 2 0
2.72749 0.678885 0.11816 3 2 0
2.72514 0.667413 0.119733 3 2 0
2.72297 0.655476 0.121563 3 2 0
2.72096 0.643659 0.123649 3 2 0
2.7191 0.63124 0.125994 3 2 0
2.71738 0.618423 0.128632 3 2 0
2.71578 0.605379 0.131945 3 2 0
2.71429 0.592055 0.135158 3 2 0
2.71291 0.578539 0.138624 3 2 0
2.71162 0.565034 0.142299 3 2 0
2.71043 0.551282 0.146632 3 2 0
2.70933 0.537434 0.151451 3 2 0
2.70832 0.523119 0.156436 3 2 0
2.70739 0.509183 0.16203 3 2 0
2.70653 0.495166 0.167827 3 2 0
2.70575 0.480991 0.174276 3 2 0
2.70502 0.466738 0.18123 3 2 0
2.70436 0.452284 0.189157 3 2 0
2.70373 0.43776 0.196498 3 2 0
2.70315 0.423152 0.205128 3 2 0
2.7026 0.408578 0.213973 3 2 0
2.70208 0.393939 0.223523 3 2 0
2.70159 0.379383 0.233493 3 2 0
2.70115 0.364891 0.24404 3 2 0
2.70078 0.350501 0.255111 3 2 0
2.70048 0.336294 0.266713 3 2 0
2.70026 0.322303 0.278876 3 2 0
2.70015 0.308582 0.291596 3 2 0
2.70013 0.301393 0.298612 3 2 0
2.70019 0.314804 0.285723 3 2 0
2.70035 0.328681 0.273245 3 2 0
2.7006 0.342768 0.261361 3 2 0
